71.05, 224.96, 0
70.89, 135.95, 0
72.81, 196.96, 0
64.41, 155.02, 0
67.47, 212.75, 0
66.72, 192.36, 0
71.40, 122.18, 0
67.16, 160.64, 0
70.59, 168.28, 0
63.22, 201.65, 0
72.72, 179.65, 0
64.48, 175.08, 0
68.63, 183.44, 0
68.23, 209.79, 0
67.04, 165.03, 0
65.02, 223.37, 0
70.76, 68.04, 0
70.28, 157.12, 0
71.02, 148.80, 0
70.90, 218.63, 0
66.12, 172.56, 0
67.16, 158.06, 0
71.79, 146.53, 0
65.28, 194.66, 0
72.37, 177.38, 0
64.39, 159.85, 0
64.34, 122.72, 0
74.26, 193.37, 0
69.47, 165.52, 0
67.33, 105.39, 0
67.39, 134.66, 0
70.62, 139.57, 0
69.90, 77.62, 0
72.32, 156.37, 0
73.92, 114.35, 0
71.88, 149.61, 0
69.14, 102.60, 0
67.27, 105.39, 0
68.59, 188.66, 0
70.90, 212.62, 0
71.63, 220.15, 0
77.48, 193.96, 0
67.54, 170.47, 0
67.88, 164.57, 0
72.99, 207.29, 0
65.07, 203.30, 0
68.96, 127.12, 0
69.17, 181.90, 0
65.54, 169.01, 0
74.83, 202.84, 0
64.54, 138.05, 0
70.37, 160.57, 0
62.33, 195.77, 0
63.24, 123.50, 0
64.92, 147.45, 0
69.49, 159.36, 0
65.40, 136.66, 0
67.81, 129.55, 0
65.74, 190.71, 0
67.33, 186.44, 0
72.08, 165.51, 0
70.95, 181.49, 0
66.33, 178.57, 0
66.93, 175.40, 0
71.51, 152.82, 0
69.42, 233.24, 0
70.70, 163.68, 0
68.53, 199.51, 0
71.79, 246.02, 0
68.11, 158.89, 0
69.99, 179.01, 0
66.38, 173.18, 0
68.88, 143.57, 0
68.17, 162.69, 0
70.38, 219.68, 0
75.38, 126.38, 0
65.57, 197.50, 0
70.71, 257.30, 0
67.48, 208.70, 0
70.48, 135.49, 0
68.58, 215.85, 0
70.52, 190.28, 0
67.51, 142.65, 0
67.21, 201.49, 0
64.78, 148.66, 0
69.95, 190.64, 0
62.90, 145.57, 0
70.35, 175.59, 0
66.94, 149.40, 0
74.35, 192.52, 0
67.92, 115.29, 0
66.23, 169.03, 0
65.51, 240.73, 0
65.99, 110.54, 0
73.81, 219.07, 0
65.59, 179.99, 0
66.82, 159.99, 0
73.04, 176.18, 0
69.79, 128.88, 0
71.73, 209.30, 0
68.16, 149.30, 0
65.47, 211.37, 0
76.76, 187.53, 0
66.69, 121.13, 0
73.89, 96.64, 0
73.39, 155.89, 0
68.63, 236.62, 0
69.44, 166.23, 0
63.78, 192.88, 0
69.20, 170.09, 0
75.54, 227.94, 0
69.41, 165.37, 0
62.85, 151.76, 0
70.16, 167.36, 0
71.47, 200.62, 0
70.45, 135.10, 0
71.88, 147.84, 0
71.79, 201.79, 0
69.00, 206.27, 0
71.85, 169.35, 0
69.66, 138.91, 0
70.51, 184.13, 0
67.92, 194.92, 0
68.08, 140.22, 0
67.20, 137.72, 0
72.08, 157.53, 0
71.54, 175.13, 0
66.58, 163.64, 0
65.63, 151.81, 0
70.41, 152.99, 0
69.58, 124.28, 0
67.77, 209.85, 0
67.39, 154.81, 0
66.81, 165.17, 0
60.96, 137.71, 0
70.13, 143.07, 0
69.04, 206.23, 0
69.01, 179.36, 0
72.89, 115.92, 0
68.19, 210.36, 0
71.27, 177.42, 0
70.95, 158.63, 0
66.19, 177.51, 0
67.73, 156.14, 0
72.46, 154.34, 0
68.03, 176.80, 0
70.93, 184.87, 0
67.56, 190.31, 0
70.22, 191.16, 0
72.53, 125.08, 0
67.60, 145.15, 0
71.70, 219.91, 0
69.34, 147.37, 0
71.10, 155.92, 0
66.74, 144.09, 0
64.21, 223.49, 0
68.89, 156.75, 0
67.84, 197.49, 0
66.63, 185.79, 0
69.47, 187.00, 0
67.89, 117.44, 0
71.25, 167.83, 0
65.34, 200.16, 0
67.33, 125.92, 0
66.59, 154.11, 0
67.23, 175.08, 0
70.24, 197.74, 0
71.94, 146.45, 0
70.96, 164.08, 0
67.34, 197.52, 0
69.05, 210.82, 0
67.98, 181.01, 0
65.60, 240.60, 0
70.44, 213.16, 0
65.24, 140.18, 0
70.62, 187.12, 0
64.64, 201.53, 0
65.60, 163.34, 0
68.68, 185.73, 0
65.53, 210.51, 0
71.83, 199.07, 0
68.58, 152.13, 0
69.52, 213.11, 0
68.94, 146.38, 0
75.49, 141.32, 0
69.87, 203.41, 0
68.24, 181.31, 0
67.63, 181.85, 0
69.68, 182.66, 0
68.48, 154.96, 0
70.83, 182.23, 0
70.54, 192.15, 0
63.66, 216.32, 0
66.90, 176.03, 0
67.17, 136.64, 0
70.03, 192.36, 0
65.29, 164.36, 0
67.42, 186.95, 0
71.89, 197.46, 0
68.49, 135.61, 0
61.45, 240.00, 0
70.25, 148.62, 0
69.99, 176.89, 0
66.83, 227.11, 0
75.32, 104.13, 0
70.23, 174.15, 0
69.41, 167.07, 0
71.34, 192.44, 0
66.94, 117.00, 0
74.96, 141.89, 0
67.31, 129.24, 0
69.39, 204.78, 0
72.59, 162.87, 0
64.23, 160.10, 0
72.59, 237.81, 0
72.74, 139.10, 0
66.77, 218.30, 0
70.46, 170.63, 0
63.53, 182.43, 0
64.31, 201.91, 0
72.06, 215.44, 0
69.23, 186.62, 0
76.54, 176.32, 0
72.64, 162.08, 0
68.18, 149.24, 0
70.21, 218.69, 0
66.60, 145.26, 0
67.90, 148.07, 0
70.80, 172.28, 0
68.44, 204.20, 0
76.97, 139.68, 0
67.44, 224.45, 0
74.81, 145.67, 0
69.51, 231.17, 0
68.81, 190.77, 0
68.46, 206.44, 0
68.70, 125.57, 0
68.73, 168.15, 0
67.33, 182.39, 0
69.54, 177.48, 0
68.88, 176.76, 0
65.61, 193.12, 0
72.07, 154.02, 0
66.70, 130.19, 0
69.76, 190.61, 0
67.24, 115.71, 0
62.78, 86.12, 0
70.47, 166.13, 0
66.35, 182.76, 0
68.51, 209.94, 0
71.49, 195.53, 0
71.69, 172.50, 0
67.90, 116.28, 0
72.41, 127.16, 0
71.02, 125.49, 0
70.84, 143.52, 0
70.37, 176.63, 0
69.09, 126.24, 0
69.35, 129.00, 0
69.90, 162.24, 0
68.31, 163.24, 0
67.10, 171.52, 0
67.66, 177.41, 0
64.59, 175.19, 0
66.80, 196.98, 0
69.00, 181.52, 0
67.10, 194.34, 0
70.03, 158.45, 0
70.91, 230.77, 0
66.57, 165.42, 0
67.58, 142.05, 0
71.11, 171.21, 0
67.68, 103.81, 0
64.42, 179.40, 0
72.27, 214.29, 0
70.74, 187.44, 0
73.04, 166.22, 0
68.11, 129.54, 0
70.71, 155.89, 0
71.76, 230.10, 0
70.40, 168.58, 0
66.67, 172.03, 0
69.23, 143.96, 0
67.07, 180.80, 0
68.23, 145.19, 0
72.55, 201.17, 0
66.78, 168.33, 0
67.81, 175.26, 0
72.67, 206.35, 0
74.43, 175.14, 0
69.83, 210.31, 0
68.91, 186.83, 0
64.58, 123.01, 0
71.73, 178.86, 0
73.02, 165.82, 0
67.93, 140.13, 0
69.22, 188.04, 0
69.80, 174.99, 0
63.73, 177.69, 0
66.83, 149.48, 0
69.41, 196.01, 0
67.82, 156.51, 0
68.10, 171.93, 0
64.45, 163.77, 0
67.43, 200.30, 0
70.33, 213.19, 0
66.04, 210.72, 0
68.42, 197.66, 0
66.99, 194.52, 0
65.19, 160.06, 0
67.84, 165.30, 0
71.07, 172.69, 0
65.14, 184.60, 0
69.46, 136.35, 0
68.71, 142.82, 0
70.61, 227.11, 0
69.02, 104.69, 0
71.45, 141.05, 0
70.82, 156.06, 0
69.38, 123.00, 0
69.38, 171.26, 0
74.84, 171.09, 0
70.05, 179.94, 0
72.04, 182.82, 0
70.76, 109.10, 0
66.55, 198.44, 0
68.71, 127.50, 0
67.36, 111.06, 0
63.73, 157.03, 0
64.62, 140.05, 0
68.76, 170.73, 0
70.85, 242.01, 0
69.01, 210.09, 0
66.46, 183.84, 0
68.08, 132.12, 0
67.24, 166.24, 0
71.57, 169.79, 0
70.42, 200.64, 0
69.76, 168.91, 0
70.46, 204.10, 0
72.35, 178.40, 0
68.08, 145.26, 0
72.11, 187.62, 0
68.53, 148.75, 0
71.26, 184.88, 0
75.66, 163.29, 0
69.71, 150.59, 0
70.04, 172.18, 0
64.25, 165.55, 0
75.51, 174.24, 0
64.57, 185.14, 0
75.72, 184.29, 0
67.21, 207.23, 0
72.24, 167.44, 0
71.13, 146.00, 0
74.12, 181.75, 0
72.33, 156.86, 0
68.87, 208.11, 0
66.97, 207.89, 0
74.37, 231.94, 0
61.84, 160.50, 0
67.10, 156.22, 0
70.03, 167.61, 0
66.75, 181.85, 0
70.56, 174.95, 0
70.34, 190.56, 0
72.20, 200.85, 0
75.24, 104.31, 0
67.68, 155.02, 0
66.46, 132.81, 0
65.57, 192.44, 0
75.71, 189.81, 0
66.16, 188.90, 0
71.29, 114.05, 0
65.81, 165.71, 0
66.22, 119.90, 0
69.54, 186.13, 0
71.76, 218.09, 0
71.63, 121.04, 0
72.68, 136.43, 0
71.97, 127.07, 0
73.09, 155.51, 0
69.77, 168.63, 0
66.17, 228.48, 0
67.79, 174.40, 0
72.58, 179.35, 0
74.25, 168.85, 0
61.22, 144.05, 0
71.10, 104.79, 0
67.14, 176.96, 0
70.84, 153.16, 0
65.52, 160.62, 0
71.49, 178.64, 0
73.10, 208.89, 0
69.93, 238.10, 0
69.47, 124.51, 0
68.18, 172.62, 0
68.74, 219.42, 0
67.13, 236.70, 0
69.03, 133.74, 0
69.78, 159.90, 0
69.41, 176.22, 0
65.78, 216.60, 0
68.56, 191.21, 0
67.66, 160.60, 0
67.25, 187.15, 0
68.65, 220.67, 0
71.80, 221.68, 0
69.13, 163.29, 0
72.32, 128.45, 0
66.69, 123.88, 0
69.32, 185.80, 0
69.40, 166.24, 0
68.96, 145.58, 0
69.03, 165.67, 0
70.15, 156.58, 0
68.01, 166.23, 0
63.80, 102.08, 0
67.52, 184.33, 0
69.52, 207.43, 0
71.34, 134.17, 0
68.94, 224.90, 0
72.05, 156.98, 0
72.02, 144.97, 0
70.08, 164.29, 0
70.59, 164.49, 0
70.50, 200.31, 0
71.42, 198.53, 0
65.87, 194.58, 0
69.41, 157.61, 0
68.25, 187.81, 0
67.92, 145.06, 0
74.62, 207.19, 0
75.72, 184.77, 0
71.70, 212.72, 0
73.64, 141.80, 0
70.20, 158.37, 0
70.32, 146.67, 0
71.85, 213.78, 0
72.34, 159.35, 0
70.30, 212.25, 0
72.74, 133.66, 0
68.01, 203.36, 0
69.64, 171.94, 0
72.38, 209.29, 0
69.45, 173.24, 0
65.13, 174.98, 0
69.70, 182.78, 0
68.34, 217.42, 0
71.87, 158.99, 0
64.76, 196.48, 0
73.97, 167.47, 0
70.38, 158.91, 0
71.66, 136.10, 0
68.98, 199.45, 0
72.36, 172.49, 0
68.06, 105.50, 0
67.57, 152.88, 0
66.77, 130.23, 0
64.75, 140.28, 0
73.31, 169.19, 0
71.98, 166.03, 0
69.37, 133.43, 0
66.91, 192.25, 0
70.22, 174.03, 0
67.32, 233.32, 0
63.35, 185.54, 0
71.86, 226.22, 0
66.93, 190.75, 0
69.50, 169.74, 0
70.17, 187.96, 0
68.25, 216.62, 0
70.95, 203.45, 0
69.71, 157.03, 0
66.02, 169.67, 0
65.46, 196.28, 0
71.58, 160.24, 0
69.43, 205.80, 0
70.13, 194.62, 0
69.03, 163.83, 0
73.61, 177.69, 0
66.65, 183.06, 0
67.19, 216.20, 0
70.26, 168.72, 0
74.55, 195.28, 0
68.70, 111.06, 0
68.29, 174.06, 0
65.44, 119.12, 0
66.22, 156.58, 0
67.11, 165.71, 0
67.95, 89.88, 0
65.51, 155.69, 0
66.53, 144.03, 0
65.19, 115.17, 0
63.07, 222.72, 0
69.48, 159.06, 0
65.72, 168.21, 0
72.32, 178.30, 0
74.89, 167.17, 0
63.98, 190.30, 0
66.57, 133.69, 0
64.00, 145.60, 0
67.74, 205.96, 0
70.62, 185.25, 0
68.59, 197.76, 0
63.57, 110.24, 0
69.80, 173.16, 0
70.57, 235.92, 0
69.88, 173.87, 0
73.19, 169.88, 0
63.41, 244.17, 0
69.69, 215.99, 0
66.81, 185.00, 0
69.60, 157.90, 0
66.81, 183.51, 0
68.74, 152.45, 0
72.54, 165.63, 0
69.45, 193.23, 0
66.72, 155.15, 0
61.64, 171.62, 0
70.11, 137.30, 0
67.53, 203.48, 0
70.84, 211.77, 0
69.72, 183.27, 0
68.67, 109.04, 0
68.22, 199.25, 0
69.38, 123.93, 0
69.74, 147.72, 0
66.49, 123.42, 0
72.83, 194.91, 0
69.56, 199.67, 0
68.61, 158.64, 0
67.30, 210.91, 0
68.42, 185.05, 0
69.67, 167.16, 0
72.08, 137.55, 0
71.25, 144.71, 0
66.77, 178.56, 0
67.36, 194.74, 0
67.45, 125.26, 0
66.79, 175.75, 0
71.13, 106.99, 0
75.93, 170.55, 0
67.25, 168.30, 0
67.90, 202.90, 0
65.72, 187.51, 0
67.31, 177.19, 0
71.28, 163.33, 0
72.89, 220.61, 0
73.24, 166.78, 0
68.73, 134.48, 0
71.68, 182.61, 0
64.70, 149.09, 0
72.94, 168.43, 0
69.76, 183.32, 0
72.55, 121.96, 0
66.26, 197.35, 0
66.99, 133.25, 0
73.34, 159.50, 0
64.82, 172.52, 0
70.36, 193.10, 0
70.62, 128.12, 0
73.73, 162.71, 0
69.41, 172.92, 0
67.05, 174.44, 0
67.31, 128.15, 0
70.84, 129.07, 0
71.00, 222.60, 0
67.97, 180.61, 0
68.30, 144.88, 0
68.80, 226.59, 0
69.22, 105.02, 0
71.68, 217.65, 0
68.14, 186.44, 0
62.54, 140.10, 0
66.17, 141.64, 0
69.28, 221.87, 0
69.35, 267.42, 0
74.52, 170.88, 0
66.68, 146.73, 0
68.26, 214.60, 0
72.27, 160.91, 0
74.81, 174.75, 0
64.69, 169.23, 0
67.01, 142.23, 0
72.71, 170.16, 0
68.64, 219.38, 0
72.06, 146.14, 0
68.55, 130.57, 0
71.15, 180.44, 0
74.48, 171.62, 0
66.25, 206.72, 0
69.28, 169.70, 0
69.52, 171.33, 0
70.34, 188.72, 0
68.48, 203.93, 0
65.09, 171.44, 0
74.82, 182.03, 0
67.23, 123.40, 0
68.20, 169.05, 0
70.13, 134.81, 0
68.24, 230.95, 0
69.56, 177.00, 0
65.53, 199.80, 0
67.50, 192.10, 0
71.50, 172.43, 0
62.78, 183.04, 0
71.85, 178.41, 0
70.70, 187.27, 0
69.30, 170.08, 0
70.45, 207.00, 0
69.52, 163.53, 0
71.55, 124.45, 0
69.17, 122.89, 0
64.52, 171.95, 0
64.98, 154.60, 0
73.62, 182.04, 0
73.68, 114.54, 0
68.76, 177.01, 0
68.64, 109.02, 0
69.90, 185.67, 0
70.61, 139.18, 0
68.95, 160.93, 0
68.11, 175.78, 0
70.03, 99.11, 0
69.85, 186.12, 0
71.14, 185.85, 0
69.67, 148.79, 0
67.99, 214.13, 0
65.19, 166.34, 0
69.09, 122.00, 0
68.86, 174.55, 0
72.44, 156.08, 0
68.30, 138.03, 0
67.90, 169.77, 0
63.23, 188.12, 0
68.43, 185.93, 0
65.06, 176.28, 0
72.18, 137.77, 0
67.21, 208.06, 0
66.43, 190.23, 0
62.71, 139.63, 0
68.22, 191.70, 0
66.61, 158.06, 0
69.06, 126.67, 0
66.97, 166.62, 0
66.53, 217.28, 0
69.03, 153.84, 0
71.09, 139.46, 0
70.65, 175.64, 0
65.49, 218.59, 0
75.25, 175.70, 0
66.65, 210.75, 0
67.38, 123.65, 0
71.19, 205.97, 0
69.77, 191.98, 0
67.35, 164.54, 0
72.76, 130.24, 0
69.33, 253.79, 0
68.33, 100.01, 0
72.88, 185.91, 0
71.54, 156.54, 0
71.77, 141.05, 0
69.78, 187.19, 0
68.31, 164.40, 0
67.51, 189.54, 0
65.58, 149.96, 0
73.90, 181.26, 0
64.41, 153.10, 0
69.41, 86.77, 0
68.49, 161.62, 0
66.78, 204.85, 0
61.67, 154.77, 0
68.24, 184.29, 0
67.87, 179.51, 0
69.66, 177.03, 0
68.84, 131.06, 0
73.93, 139.36, 0
68.65, 184.18, 0
70.51, 153.17, 0
64.71, 248.91, 0
67.97, 114.83, 0
68.35, 177.83, 0
67.03, 183.09, 0
67.73, 108.44, 0
71.85, 182.89, 0
70.54, 197.01, 0
68.30, 216.55, 0
64.52, 156.99, 0
68.32, 153.19, 0
67.47, 171.98, 0
72.27, 189.02, 0
69.52, 154.54, 0
69.32, 195.86, 0
68.93, 121.57, 0
69.76, 183.50, 0
73.79, 193.74, 0
67.93, 177.67, 0
68.87, 187.00, 0
70.17, 199.79, 0
70.59, 163.76, 0
68.64, 168.84, 0
70.62, 173.72, 0
71.95, 212.95, 0
69.18, 206.24, 0
65.36, 188.04, 0
66.67, 192.85, 0
70.45, 172.58, 0
69.28, 159.73, 0
66.38, 191.37, 0
68.58, 143.86, 0
63.30, 188.12, 0
69.28, 163.66, 0
71.04, 177.34, 0
71.26, 149.19, 0
69.20, 138.61, 0
72.68, 125.72, 0
66.68, 153.48, 0
68.54, 152.48, 0
65.12, 202.35, 0
66.59, 182.73, 0
70.83, 178.33, 0
69.14, 145.11, 0
69.06, 177.90, 0
69.14, 115.43, 0
68.33, 90.03, 0
72.40, 133.09, 0
72.22, 159.75, 0
70.15, 152.34, 0
66.14, 175.74, 0
66.44, 179.20, 0
66.04, 140.81, 0
72.29, 172.53, 0
65.69, 86.54, 0
72.45, 156.40, 0
66.06, 195.52, 0
69.44, 230.35, 0
67.75, 198.23, 0
68.05, 107.23, 0
69.58, 231.38, 0
69.80, 188.15, 0
68.22, 173.78, 0
67.36, 177.90, 0
72.41, 115.88, 0
66.54, 189.85, 0
67.56, 178.44, 0
73.70, 174.08, 0
69.05, 208.57, 0
65.83, 220.46, 0
63.55, 183.28, 0
71.22, 186.74, 0
69.07, 137.47, 0
69.42, 104.08, 0
67.33, 206.55, 0
65.76, 174.00, 0
68.21, 192.27, 0
73.23, 106.79, 0
68.98, 163.81, 0
70.39, 162.79, 0
65.01, 125.50, 0
66.48, 180.54, 0
66.83, 170.48, 0
70.71, 125.67, 0
71.36, 147.01, 0
67.13, 226.37, 0
68.42, 191.44, 0
66.36, 137.48, 0
65.00, 205.16, 0
69.52, 175.75, 0
66.43, 204.98, 0
66.76, 211.40, 0
65.99, 200.99, 0
68.19, 165.13, 0
71.68, 129.70, 0
72.42, 154.46, 0
68.05, 168.56, 0
68.64, 176.29, 0
63.50, 214.01, 0
70.94, 177.64, 0
68.16, 129.14, 0
65.71, 161.45, 0
67.33, 177.46, 0
68.44, 169.61, 0
69.56, 114.79, 0
70.95, 145.45, 0
74.68, 153.89, 0
64.26, 180.31, 0
76.74, 173.91, 0
70.24, 142.44, 0
70.48, 189.31, 0
69.29, 208.10, 0
69.28, 154.40, 0
64.88, 164.22, 0
71.89, 200.65, 0
72.31, 125.04, 0
65.89, 134.28, 0
68.44, 217.39, 0
63.70, 158.08, 0
70.13, 208.50, 0
67.10, 135.98, 0
70.59, 130.16, 0
68.10, 183.70, 0
68.68, 193.01, 0
71.44, 169.54, 0
66.73, 144.93, 0
65.51, 133.77, 0
65.95, 137.51, 0
68.98, 139.23, 0
68.96, 154.47, 0
70.26, 177.00, 0
68.89, 166.08, 0
66.91, 171.33, 0
64.92, 202.92, 0
70.53, 208.09, 0
67.80, 172.66, 0
70.74, 211.49, 0
73.04, 162.84, 0
74.93, 191.47, 0
66.61, 191.29, 0
68.23, 241.03, 0
68.55, 220.11, 0
66.02, 174.42, 0
68.72, 159.33, 0
69.74, 192.70, 0
69.02, 189.61, 0
67.47, 126.57, 0
72.53, 123.91, 0
69.45, 199.68, 0
68.09, 201.27, 0
67.72, 147.00, 0
67.39, 173.37, 0
69.59, 210.99, 0
73.00, 215.39, 0
67.59, 172.55, 0
66.62, 159.21, 0
69.88, 169.64, 0
67.76, 186.19, 0
71.67, 145.61, 0
71.85, 142.86, 0
66.98, 177.88, 0
66.16, 145.92, 0
67.74, 171.55, 0
69.24, 130.73, 0
67.25, 183.53, 0
69.44, 183.51, 0
65.40, 177.57, 0
69.31, 149.57, 0
69.02, 154.44, 0
69.09, 157.97, 0
66.98, 212.23, 0
66.00, 166.67, 0
72.77, 199.21, 0
62.34, 211.50, 0
74.90, 127.49, 0
69.96, 142.90, 0
70.40, 158.60, 0
64.74, 202.39, 0
69.84, 226.41, 0
72.29, 146.29, 0
66.25, 167.51, 0
68.75, 185.06, 0
71.71, 161.59, 0
68.27, 138.78, 0
68.33, 180.52, 0
66.35, 140.80, 0
69.02, 135.51, 0
65.90, 126.70, 0
72.60, 206.89, 0
68.28, 196.90, 0
66.69, 176.71, 0
69.66, 115.65, 0
61.54, 148.42, 0
70.22, 158.78, 0
66.48, 169.74, 0
64.89, 176.37, 0
72.06, 194.49, 0
67.89, 172.72, 0
64.90, 198.05, 0
68.39, 186.75, 0
77.94, 169.36, 0
71.52, 168.02, 0
72.78, 179.99, 0
65.82, 225.50, 0
68.76, 145.61, 0
69.93, 86.66, 0
67.33, 172.11, 0
66.72, 211.12, 0
70.58, 160.14, 0
69.54, 144.23, 0
67.06, 172.54, 0
69.09, 229.46, 0
70.67, 153.84, 0
68.41, 212.75, 0
74.43, 179.37, 0
69.33, 175.56, 0
72.51, 206.03, 0
69.25, 216.93, 0
69.53, 161.19, 0
66.02, 160.87, 0
70.97, 194.88, 0
75.50, 176.97, 0
68.66, 177.38, 0
71.42, 130.14, 0
70.64, 180.95, 0
73.08, 174.47, 0
69.83, 215.35, 0
73.49, 176.78, 0
63.21, 209.25, 0
71.24, 150.89, 0
70.22, 186.78, 0
66.92, 209.00, 0
72.38, 223.21, 0
69.67, 161.44, 0
70.89, 189.78, 0
66.90, 163.73, 0
69.49, 191.32, 0
66.81, 162.33, 0
68.48, 153.26, 0
63.02, 206.73, 0
74.34, 191.38, 0
67.17, 219.60, 0
68.27, 167.25, 0
70.62, 192.29, 0
71.06, 135.15, 0
70.35, 215.10, 0
63.70, 186.81, 0
70.31, 212.64, 0
65.59, 135.52, 0
71.86, 177.17, 0
74.25, 158.13, 0
66.43, 196.53, 0
72.72, 154.32, 0
71.22, 122.77, 0
69.30, 135.39, 0
67.81, 202.66, 0
65.75, 166.38, 0
65.28, 190.81, 0
73.71, 208.83, 0
70.01, 189.46, 0
68.62, 179.00, 0
71.23, 200.75, 0
73.25, 214.02, 0
63.46, 81.35, 0
67.07, 166.72, 0
65.34, 174.61, 0
72.00, 129.19, 0
68.34, 204.00, 0
61.79, 177.99, 0
73.32, 163.46, 0
65.38, 220.86, 0
66.50, 159.27, 0
78.58, 172.42, 0
71.36, 149.47, 0
65.20, 174.28, 0
70.49, 148.18, 0
68.34, 186.31, 0
71.33, 163.26, 0
67.36, 140.21, 0
67.82, 145.17, 0
76.74, 143.36, 0
69.37, 192.59, 0
72.22, 173.70, 0
64.79, 168.65, 0
68.08, 236.97, 0
65.38, 159.12, 0
68.70, 123.07, 0
68.20, 203.36, 0
69.29, 230.72, 0
68.42, 130.58, 0
70.18, 212.81, 0
69.05, 176.15, 0
71.37, 208.88, 0
69.70, 202.93, 0
70.82, 267.16, 0
68.50, 192.45, 0
68.57, 235.88, 0
63.64, 175.16, 0
70.44, 166.25, 0
67.95, 124.08, 0
68.35, 216.00, 0
69.28, 201.77, 0
69.12, 155.99, 0
67.53, 179.70, 0
64.73, 196.24, 0
67.99, 166.80, 0
70.92, 209.08, 0
70.79, 201.58, 0
69.60, 164.43, 0
66.95, 139.87, 0
68.53, 199.20, 0
69.48, 138.38, 0
67.40, 206.77, 0
64.78, 147.16, 0
69.29, 164.14, 0
62.35, 201.31, 0
66.99, 136.11, 0
69.46, 166.68, 0
71.80, 173.24, 0
69.88, 174.48, 0
65.76, 81.69, 0
69.23, 121.12, 0
70.29, 199.62, 0
70.11, 211.53, 0
66.32, 185.93, 0
69.60, 170.79, 0
71.67, 199.16, 0
66.03, 117.66, 0
71.42, 143.23, 0
69.96, 187.48, 0
68.85, 206.94, 0
71.66, 203.64, 0
64.94, 173.81, 0
68.85, 161.93, 0
72.95, 169.26, 0
71.77, 130.09, 0
70.07, 124.17, 0
73.05, 181.27, 0
68.52, 168.04, 0
67.42, 141.97, 0
70.67, 146.89, 0
70.71, 136.14, 0
69.71, 198.50, 0
69.98, 215.93, 0
69.76, 148.09, 0
68.15, 170.98, 0
68.40, 169.04, 0
68.90, 124.80, 0
68.02, 196.24, 0
66.02, 196.94, 0
67.58, 192.14, 0
70.56, 204.95, 0
68.20, 169.23, 0
69.06, 160.97, 0
64.70, 255.10, 0
65.63, 182.17, 0
69.78, 133.32, 0
71.21, 138.66, 0
68.39, 178.12, 0
68.81, 204.99, 0
68.41, 153.97, 0
73.22, 185.38, 0
67.45, 167.10, 0
63.68, 174.57, 0
72.42, 208.83, 0
66.85, 169.14, 0
68.07, 181.90, 0
73.94, 125.24, 0
66.72, 143.74, 0
71.51, 143.52, 0
68.05, 101.31, 0
67.86, 181.09, 0
71.00, 102.59, 0
70.69, 149.47, 0
66.78, 167.64, 0
68.80, 119.98, 0
69.41, 176.60, 0
68.38, 139.39, 0
73.62, 159.13, 0
69.53, 151.17, 0
69.04, 147.50, 0
71.66, 162.02, 0
71.65, 145.33, 0
72.01, 193.32, 0
71.89, 227.71, 0
72.93, 193.16, 0
72.16, 216.91, 0
69.11, 157.74, 0
69.60, 141.44, 0
67.13, 145.52, 0
70.84, 191.85, 0
75.68, 181.57, 0
64.74, 224.03, 0
66.53, 169.50, 0
67.69, 196.84, 0
67.20, 129.57, 0
70.52, 168.31, 0
69.15, 191.37, 0
72.60, 147.60, 0
70.23, 105.10, 0
68.68, 117.22, 0
62.85, 155.05, 0
67.26, 197.60, 0
67.09, 161.15, 0
68.86, 126.48, 0
64.49, 202.02, 0
73.01, 115.48, 0
72.66, 157.33, 0
70.04, 189.88, 0
65.32, 150.54, 0
71.56, 147.14, 0
66.98, 203.74, 0
69.47, 153.07, 0
72.48, 209.67, 0
66.57, 141.27, 0
68.45, 161.21, 0
71.47, 209.45, 0
68.77, 171.95, 0
69.22, 181.21, 0
66.25, 207.26, 0
68.86, 177.69, 0
71.45, 196.28, 0
67.48, 163.39, 0
72.80, 195.64, 0
67.20, 181.30, 0
62.17, 199.14, 0
69.35, 139.95, 0
69.60, 182.05, 0
75.31, 213.41, 0
70.60, 173.32, 0
72.00, 178.33, 0
69.90, 190.13, 0
74.65, 166.78, 0
68.77, 186.22, 0
72.56, 141.75, 0
63.68, 184.65, 0
68.93, 219.85, 0
68.57, 162.00, 0
66.38, 177.76, 0
69.81, 171.80, 0
69.67, 174.74, 0
70.27, 115.51, 0
72.15, 154.74, 0
71.13, 153.90, 0
63.47, 161.21, 0
68.40, 161.68, 0
68.17, 177.28, 0
66.42, 146.32, 0
70.15, 146.13, 0
69.34, 206.79, 0
70.24, 139.29, 0
67.59, 131.64, 0
69.87, 202.84, 0
69.15, 140.98, 0
75.04, 169.03, 0
63.23, 168.51, 0
66.63, 176.97, 0
67.61, 171.12, 0
70.51, 142.72, 0
67.06, 135.92, 0
73.13, 142.65, 0
69.44, 148.59, 0
68.68, 216.22, 0
67.32, 142.30, 0
69.48, 175.63, 0
68.21, 164.95, 0
72.32, 133.99, 0
64.91, 134.93, 0
67.75, 198.11, 0
69.20, 187.51, 0
66.12, 129.15, 0
68.46, 126.11, 0
62.73, 192.17, 0
71.94, 209.99, 0
66.85, 206.51, 0
70.92, 188.61, 0
65.95, 164.42, 0
68.61, 211.06, 0
66.05, 181.77, 0
67.68, 198.03, 0
70.81, 146.97, 0
70.07, 187.64, 0
73.83, 194.33, 0
65.65, 185.90, 0
67.84, 194.58, 0
71.11, 165.27, 0
63.65, 183.39, 0
68.60, 119.35, 0
74.41, 140.17, 0
67.70, 91.51, 0
69.81, 187.31, 0
66.54, 189.93, 0
71.65, 181.17, 0
71.89, 199.08, 0
73.60, 172.59, 0
70.89, 151.02, 0
70.39, 181.32, 0
66.35, 192.38, 0
68.32, 167.37, 0
68.76, 171.88, 0
73.37, 165.84, 0
70.30, 172.41, 0
62.76, 172.69, 0
66.74, 161.81, 0
67.15, 150.85, 0
74.62, 162.38, 0
69.87, 149.03, 0
69.00, 168.78, 0
70.74, 142.16, 0
65.80, 166.07, 0
68.32, 162.67, 0
68.18, 188.04, 0
66.68, 179.10, 0
68.91, 179.53, 0
70.57, 165.28, 0
67.86, 165.74, 0
67.70, 179.48, 0
68.67, 182.21, 0
71.15, 200.89, 0
68.20, 148.71, 0
66.29, 167.37, 0
68.99, 93.94, 0
65.71, 194.05, 0
66.93, 191.26, 0
66.36, 161.67, 0
70.28, 176.11, 0
71.63, 196.15, 0
72.80, 116.83, 0
69.33, 159.54, 0
68.97, 179.34, 0
71.92, 143.13, 0
69.20, 240.14, 0
70.24, 171.56, 0
71.95, 183.09, 0
69.72, 170.78, 0
68.47, 189.34, 0
67.92, 124.38, 0
67.54, 223.25, 0
68.45, 173.76, 0
68.18, 200.22, 0
64.54, 116.94, 0
64.71, 127.00, 0
70.99, 139.84, 0
72.04, 144.94, 0
68.19, 201.82, 0
70.36, 154.87, 0
66.55, 209.54, 0
65.62, 202.27, 0
66.30, 174.48, 0
70.13, 137.96, 0
68.19, 137.91, 0
69.77, 173.88, 0
71.50, 203.69, 0
73.18, 170.51, 0
70.93, 186.82, 0
67.99, 190.16, 0
70.61, 178.38, 0
70.74, 149.67, 0
69.40, 158.53, 0
70.05, 213.37, 0
67.52, 198.70, 0
69.04, 154.16, 0
67.01, 202.50, 0
66.57, 119.88, 0
69.94, 115.13, 0
66.92, 194.00, 0
69.48, 219.40, 0
69.48, 207.98, 0
70.40, 122.26, 0
71.53, 121.69, 0
66.34, 193.71, 0
68.77, 163.14, 0
68.47, 161.12, 0
68.19, 156.34, 0
69.99, 130.74, 0
66.81, 166.84, 0
67.88, 155.62, 0
69.17, 180.49, 0
69.99, 183.32, 0
72.22, 190.27, 0
60.11, 156.06, 0
71.73, 159.32, 0
71.04, 147.52, 0
67.39, 148.92, 0
68.08, 143.02, 0
70.62, 112.45, 0
72.39, 154.57, 0
62.47, 176.97, 0
74.00, 184.06, 0
66.36, 208.52, 0
70.98, 163.45, 0
69.20, 175.45, 0
61.85, 106.98, 0
70.42, 189.32, 0
70.85, 133.09, 0
69.55, 233.76, 0
65.93, 200.62, 0
75.38, 174.47, 0
69.40, 173.69, 0
71.93, 164.76, 0
64.13, 105.26, 0
72.90, 122.72, 0
68.66, 160.69, 0
70.49, 187.90, 0
69.18, 174.95, 0
69.79, 161.98, 0
69.94, 224.55, 0
70.35, 157.96, 0
67.09, 205.31, 0
68.39, 186.93, 0
72.89, 128.30, 0
68.69, 186.48, 0
68.93, 175.28, 0
71.59, 237.78, 0
67.75, 178.50, 0
66.59, 189.98, 0
66.10, 148.66, 0
73.64, 215.24, 0
71.57, 135.81, 0
72.28, 190.79, 0
69.93, 150.98, 0
69.66, 208.75, 0
64.39, 171.77, 0
64.59, 209.62, 0
69.97, 223.57, 0
65.94, 207.98, 0
70.48, 184.92, 0
72.55, 174.25, 0
69.79, 155.32, 0
71.62, 125.15, 0
67.18, 145.74, 0
69.78, 164.51, 0
72.76, 142.95, 0
70.11, 186.78, 0
70.27, 175.77, 0
71.12, 126.06, 0
64.99, 172.44, 0
67.84, 156.85, 0
63.90, 111.41, 0
67.05, 185.86, 0
65.97, 258.50, 0
64.14, 160.58, 0
71.94, 161.07, 0
70.24, 132.00, 0
67.35, 134.98, 0
67.85, 176.63, 0
68.52, 151.72, 0
71.81, 198.97, 0
71.55, 148.47, 0
66.04, 149.33, 0
63.90, 250.24, 0
66.75, 172.32, 0
69.98, 163.88, 0
69.04, 241.54, 0
70.03, 234.95, 0
68.46, 124.05, 0
71.57, 188.69, 0
73.08, 134.69, 0
70.19, 198.41, 0
70.26, 218.11, 0
66.57, 125.49, 0
64.00, 202.57, 0
65.91, 137.34, 0
70.21, 163.94, 0
76.84, 151.51, 0
67.41, 177.38, 0
74.46, 185.09, 0
66.02, 190.70, 0
70.07, 182.53, 0
70.35, 141.19, 0
69.37, 150.22, 0
72.52, 194.17, 0
68.53, 183.24, 0
70.05, 217.99, 0
67.89, 197.76, 0
69.79, 182.50, 0
71.06, 128.21, 0
68.10, 196.09, 0
72.09, 163.41, 0
73.79, 161.52, 0
70.71, 181.22, 0
70.42, 145.14, 0
70.23, 218.50, 0
62.84, 144.72, 0
67.31, 126.56, 0
64.61, 152.89, 0
71.77, 194.02, 0
71.16, 161.15, 0
66.84, 194.34, 0
69.38, 198.65, 0
66.07, 233.96, 0
69.96, 133.40, 0
69.76, 138.13, 0
65.42, 165.68, 0
65.73, 156.79, 0
73.21, 247.30, 0
71.77, 144.38, 0
67.33, 135.64, 0
72.95, 178.74, 0
75.09, 241.55, 0
70.13, 231.89, 0
68.55, 173.94, 0
69.73, 189.13, 0
67.67, 194.39, 0
72.15, 179.10, 0
66.29, 169.99, 0
69.87, 179.90, 0
70.17, 222.83, 0
64.47, 161.84, 0
67.84, 184.41, 0
62.89, 147.93, 0
70.94, 181.67, 0
69.09, 103.50, 0
68.96, 174.83, 0
68.68, 223.19, 0
69.91, 165.95, 0
66.93, 159.36, 0
73.33, 187.77, 0
65.53, 132.91, 0
70.52, 179.38, 0
72.83, 128.14, 0
71.42, 170.33, 0
67.44, 168.21, 0
66.96, 179.58, 0
72.15, 143.27, 0
70.26, 162.63, 0
71.23, 141.92, 0
68.09, 203.02, 0
65.99, 205.52, 0
66.00, 230.88, 0
71.32, 186.08, 0
67.38, 177.34, 0
63.71, 159.10, 0
69.02, 229.32, 0
70.03, 185.72, 0
71.52, 148.16, 0
68.45, 139.14, 0
72.22, 100.27, 0
67.83, 182.02, 0
69.23, 141.48, 0
66.03, 114.44, 0
70.43, 189.57, 0
67.95, 183.53, 0
67.27, 146.48, 0
70.71, 137.85, 0
68.12, 152.48, 0
66.24, 214.54, 0
70.12, 210.86, 0
67.69, 149.17, 0
74.70, 178.88, 0
68.37, 223.91, 0
68.35, 141.57, 0
67.18, 134.32, 0
73.79, 148.91, 0
66.22, 233.66, 0
66.14, 145.65, 0
71.29, 176.74, 0
72.14, 201.74, 0
68.66, 136.08, 0
69.88, 175.79, 0
66.67, 162.09, 0
74.87, 150.23, 0
75.02, 158.17, 0
68.14, 238.19, 0
71.43, 168.98, 0
72.03, 194.43, 0
70.59, 158.30, 0
66.61, 174.05, 0
69.09, 171.15, 0
67.87, 175.83, 0
68.51, 153.62, 0
66.83, 194.98, 0
67.72, 209.55, 0
68.36, 192.76, 0
69.63, 191.88, 0
69.45, 166.46, 0
70.03, 224.02, 0
72.60, 170.29, 0
65.00, 138.47, 0
65.98, 157.62, 0
69.09, 198.80, 0
68.72, 162.01, 0
70.66, 176.88, 0
70.40, 86.99, 0
67.94, 136.31, 0
65.58, 151.79, 0
68.82, 170.30, 0
69.32, 183.69, 0
68.93, 197.57, 0
67.70, 154.36, 0
71.04, 252.37, 0
68.24, 153.69, 0
68.31, 137.90, 0
67.39, 177.91, 0
73.26, 139.88, 0
67.76, 138.31, 0
70.97, 154.72, 0
71.77, 184.49, 0
69.47, 154.39, 0
64.65, 219.14, 0
72.19, 191.84, 0
70.26, 255.08, 0
68.16, 134.53, 0
64.88, 162.07, 0
70.20, 140.25, 0
67.07, 156.80, 0
69.27, 128.62, 0
71.95, 162.89, 0
69.00, 160.75, 0
65.76, 205.74, 0
71.07, 143.71, 0
69.87, 206.58, 0
70.51, 159.90, 0
66.32, 236.43, 0
66.57, 162.61, 0
69.56, 136.77, 0
73.38, 165.94, 0
65.02, 170.07, 0
69.39, 189.43, 0
72.06, 185.16, 0
72.36, 195.35, 0
70.30, 136.89, 0
68.35, 177.34, 0
71.13, 182.23, 0
69.14, 132.93, 0
66.46, 160.80, 0
67.23, 197.02, 0
67.37, 171.40, 0
65.56, 195.24, 0
67.19, 151.96, 0
65.20, 197.19, 0
66.91, 196.29, 0
69.06, 118.30, 0
68.73, 154.55, 0
68.36, 147.78, 0
70.49, 139.77, 0
68.88, 206.84, 0
67.32, 145.94, 0
66.06, 148.90, 0
68.45, 181.12, 0
71.50, 206.71, 0
69.46, 209.34, 0
69.31, 173.86, 0
66.15, 178.84, 0
68.41, 187.45, 0
66.73, 180.65, 0
72.98, 203.60, 0
69.32, 196.74, 0
66.17, 186.52, 0
66.54, 135.76, 0
68.30, 176.94, 0
74.32, 141.62, 0
66.36, 201.83, 0
71.56, 171.59, 0
71.52, 171.09, 0
70.55, 121.20, 0
66.74, 141.83, 0
74.98, 112.41, 0
66.93, 179.62, 0
66.49, 238.43, 0
69.45, 150.88, 0
71.23, 177.16, 0
67.12, 139.47, 0
67.54, 148.20, 0
71.60, 181.82, 0
71.02, 163.11, 0
65.74, 141.91, 0
70.31, 165.53, 0
71.28, 161.79, 0
72.54, 224.58, 0
68.74, 184.05, 0
67.45, 129.21, 0
66.56, 166.79, 0
70.39, 157.98, 0
65.97, 191.08, 0
68.84, 138.88, 0
72.25, 136.38, 0
71.07, 147.26, 0
68.84, 213.22, 0
71.80, 156.92, 0
69.97, 177.75, 0
66.36, 157.34, 0
67.75, 141.67, 0
65.41, 191.32, 0
75.70, 157.18, 0
69.65, 136.55, 0
68.16, 193.50, 0
66.99, 171.22, 0
71.93, 189.39, 0
66.40, 210.74, 0
70.25, 233.08, 0
68.34, 159.86, 0
67.85, 209.06, 0
69.09, 194.23, 0
70.63, 179.91, 0
71.41, 152.71, 0
66.77, 181.60, 0
72.90, 166.89, 0
67.05, 123.75, 0
70.10, 204.09, 0
67.12, 221.52, 0
67.82, 211.08, 0
67.13, 241.35, 0
75.18, 159.89, 0
70.21, 238.15, 0
65.19, 206.02, 0
71.95, 177.03, 0
69.83, 154.69, 0
67.20, 172.78, 0
70.66, 127.96, 0
67.20, 149.32, 0
63.07, 133.65, 0
70.19, 183.86, 0
68.26, 206.13, 0
67.06, 162.74, 0
66.46, 133.15, 0
72.08, 169.81, 0
68.16, 173.72, 0
65.65, 206.14, 0
69.56, 143.82, 0
68.84, 226.91, 0
68.86, 197.75, 0
72.90, 199.66, 0
67.63, 176.04, 0
71.00, 186.85, 0
67.50, 161.57, 0
73.99, 144.31, 0
66.38, 137.67, 0
69.22, 180.45, 0
67.27, 185.31, 0
65.63, 153.00, 0
69.25, 164.78, 0
66.03, 199.91, 0
67.40, 141.65, 0
68.69, 187.19, 0
68.35, 219.61, 0
67.55, 220.58, 0
70.50, 197.84, 0
69.36, 133.34, 0
67.28, 164.29, 0
68.69, 159.30, 0
70.20, 165.17, 0
73.80, 180.91, 0
70.69, 175.46, 0
64.43, 183.98, 0
72.97, 201.18, 0
67.50, 201.41, 0
70.67, 144.00, 0
66.18, 157.39, 0
70.32, 238.87, 0
68.97, 119.19, 0
73.99, 179.64, 0
69.30, 129.73, 0
69.42, 150.65, 0
67.27, 201.39, 0
73.85, 189.42, 0
68.97, 169.66, 0
70.65, 188.38, 0
70.74, 144.10, 0
68.73, 173.41, 0
69.21, 154.55, 0
71.87, 157.19, 0
70.69, 227.29, 0
72.85, 174.55, 0
63.90, 148.13, 0
64.28, 102.47, 0
66.10, 171.28, 0
75.95, 149.30, 0
69.78, 155.11, 0
67.50, 167.86, 0
70.61, 198.89, 0
64.36, 115.85, 0
73.33, 167.46, 0
66.72, 150.29, 0
69.05, 155.69, 0
65.27, 150.13, 0
69.91, 129.58, 0
72.36, 143.45, 0
71.23, 143.75, 0
64.05, 243.41, 0
64.34, 153.28, 0
70.43, 194.76, 0
72.02, 153.34, 0
72.75, 160.97, 0
68.48, 196.60, 0
68.69, 135.37, 0
68.15, 190.10, 0
71.41, 195.84, 0
70.51, 220.48, 0
69.60, 149.19, 0
68.73, 198.17, 0
71.16, 168.19, 0
66.89, 157.63, 0
66.76, 165.87, 0
70.44, 160.46, 0
73.08, 137.07, 0
67.65, 163.64, 0
67.12, 188.47, 0
69.47, 164.97, 0
72.84, 229.51, 0
67.34, 172.73, 0
68.47, 192.00, 0
70.48, 217.77, 0
70.67, 204.83, 0
69.99, 164.82, 0
69.51, 176.17, 0
70.59, 193.84, 0
68.78, 156.82, 0
68.00, 133.89, 0
67.49, 200.83, 0
75.31, 165.31, 0
63.87, 214.35, 0
69.29, 119.63, 0
65.32, 214.99, 0
67.56, 167.02, 0
67.48, 153.03, 0
67.61, 165.98, 0
63.80, 171.93, 0
66.60, 153.23, 0
73.30, 247.85, 0
70.33, 194.52, 0
72.87, 131.22, 0
67.28, 177.06, 0
68.27, 233.83, 0
65.19, 164.68, 0
70.70, 168.74, 0
69.43, 188.45, 0
69.15, 160.90, 0
64.82, 109.47, 0
64.59, 172.02, 0
74.41, 167.76, 0
70.95, 149.15, 0
68.48, 172.78, 0
69.06, 174.24, 0
69.02, 227.15, 0
67.41, 182.58, 0
70.06, 153.49, 0
67.57, 191.37, 0
67.50, 170.25, 0
64.98, 185.15, 0
69.40, 232.96, 0
71.72, 172.47, 0
75.71, 167.29, 0
72.37, 194.47, 0
71.82, 162.42, 0
73.75, 48.34, 0
63.49, 174.93, 0
71.30, 183.28, 0
72.20, 210.93, 0
71.65, 173.60, 0
71.63, 150.42, 0
69.93, 207.78, 0
64.21, 227.87, 0
71.69, 202.19, 0
69.04, 215.39, 0
72.16, 196.94, 0
69.23, 190.15, 0
66.04, 196.51, 0
68.32, 144.21, 0
67.25, 111.22, 0
70.32, 228.04, 0
70.86, 158.71, 0
68.48, 144.09, 0
70.04, 283.56, 0
69.12, 155.04, 0
66.77, 164.06, 0
68.30, 152.74, 0
67.89, 130.26, 0
68.66, 146.59, 0
69.89, 161.96, 0
69.32, 207.12, 0
69.38, 154.66, 0
70.04, 150.35, 0
68.78, 176.91, 0
68.97, 180.85, 0
76.37, 176.64, 0
68.57, 139.09, 0
73.57, 204.33, 0
67.13, 175.92, 0
68.70, 135.00, 0
74.55, 173.55, 0
73.11, 148.16, 0
74.43, 175.00, 0
68.10, 136.04, 0
67.82, 240.17, 0
67.55, 180.48, 0
64.57, 143.22, 0
72.43, 121.94, 0
69.01, 160.14, 0
67.09, 152.23, 0
68.50, 180.98, 0
74.82, 155.01, 0
62.78, 175.27, 0
73.37, 194.84, 0
70.02, 156.16, 0
65.13, 145.65, 0
68.63, 133.42, 0
67.81, 170.76, 0
65.02, 139.00, 0
70.64, 91.24, 0
67.58, 157.15, 0
66.76, 194.65, 0
69.98, 229.49, 0
68.37, 182.49, 0
64.92, 223.67, 0
70.62, 214.34, 0
72.29, 129.29, 0
70.70, 149.32, 0
66.88, 123.28, 0
69.11, 157.74, 0
63.64, 134.66, 0
64.76, 128.58, 0
72.07, 161.13, 0
65.75, 155.12, 0
71.25, 125.70, 0
69.21, 205.75, 0
67.51, 173.23, 0
71.69, 183.26, 0
69.65, 175.72, 0
64.35, 168.20, 0
69.48, 159.75, 0
71.78, 209.43, 0
72.52, 136.69, 0
73.41, 179.43, 0
69.54, 181.60, 0
73.69, 167.38, 0
72.46, 220.17, 0
71.92, 168.80, 0
68.22, 185.42, 0
66.74, 169.32, 0
70.36, 143.56, 0
72.10, 219.75, 0
66.67, 203.68, 0
67.97, 185.21, 0
70.13, 140.14, 0
65.26, 167.80, 0
64.56, 166.59, 0
66.37, 178.07, 0
67.18, 194.42, 0
71.48, 213.15, 0
66.16, 160.74, 0
62.62, 154.03, 0
68.68, 161.43, 0
69.39, 200.19, 0
72.03, 179.10, 0
69.55, 191.16, 0
68.78, 114.43, 0
67.32, 220.99, 0
66.69, 158.71, 0
66.23, 201.84, 0
68.85, 144.36, 0
73.08, 114.54, 0
63.78, 148.61, 0
65.54, 157.59, 0
71.19, 144.78, 0
65.80, 118.28, 0
68.43, 143.75, 0
70.38, 175.59, 0
71.72, 151.21, 0
66.99, 150.15, 0
66.84, 204.67, 0
63.28, 226.83, 0
72.81, 158.10, 0
63.15, 182.55, 0
63.76, 147.44, 0
66.73, 176.54, 0
68.96, 157.96, 0
67.28, 141.92, 0
73.19, 155.55, 0
66.50, 153.60, 0
71.23, 160.14, 0
69.66, 197.82, 0
69.04, 222.41, 0
66.44, 223.75, 0
56.94, 179.17, 0
66.94, 197.24, 0
66.37, 158.36, 0
65.75, 116.48, 0
70.22, 142.57, 0
71.52, 191.13, 0
66.96, 138.51, 0
67.84, 213.61, 0
67.98, 154.95, 0
69.32, 180.71, 0
70.38, 187.77, 0
67.36, 178.93, 0
67.38, 212.18, 0
72.46, 159.78, 0
71.81, 193.88, 0
68.31, 192.90, 0
63.91, 159.72, 0
67.20, 236.98, 0
70.32, 138.27, 0
71.25, 198.31, 0
71.37, 201.92, 0
67.61, 160.21, 0
65.46, 153.80, 0
68.46, 150.53, 0
72.45, 197.99, 0
67.58, 113.17, 0
67.11, 175.62, 0
69.44, 191.13, 0
69.83, 193.06, 0
64.26, 147.66, 0
67.02, 152.78, 0
64.78, 186.97, 0
70.05, 161.28, 0
75.17, 201.47, 0
70.54, 201.93, 0
72.86, 132.24, 0
69.15, 183.85, 0
68.63, 178.69, 0
69.88, 160.03, 0
65.25, 164.65, 0
69.86, 216.64, 0
69.17, 173.50, 0
71.49, 193.17, 0
71.05, 204.75, 0
70.29, 133.04, 0
73.71, 212.41, 0
68.71, 186.66, 0
67.64, 157.96, 0
65.06, 166.42, 0
72.38, 185.46, 0
64.59, 133.90, 0
69.01, 203.63, 0
70.07, 182.62, 0
67.73, 164.31, 0
72.42, 201.44, 0
74.85, 174.35, 0
70.32, 132.43, 0
71.29, 174.87, 0
68.21, 141.25, 0
71.73, 162.03, 0
70.56, 194.52, 0
73.40, 116.29, 0
71.99, 123.97, 0
72.14, 73.30, 0
68.41, 138.31, 0
74.30, 154.92, 0
67.28, 138.60, 0
68.99, 174.54, 0
70.14, 180.93, 0
68.85, 118.28, 0
65.51, 153.39, 0
67.88, 191.49, 0
68.74, 133.59, 0
66.97, 189.88, 0
70.26, 153.20, 0
73.58, 187.44, 0
73.24, 185.38, 0
66.39, 120.09, 0
69.50, 163.77, 0
68.86, 200.73, 0
67.76, 158.15, 0
72.96, 92.54, 0
78.56, 188.33, 0
68.38, 150.47, 0
66.92, 135.17, 0
68.32, 117.84, 0
71.13, 181.72, 0
71.89, 134.06, 0
71.47, 150.89, 0
67.57, 223.24, 0
66.63, 191.93, 0
70.95, 242.69, 0
69.55, 226.11, 0
75.65, 193.82, 0
66.84, 209.87, 0
68.45, 165.48, 0
72.02, 193.00, 0
68.34, 155.41, 0
63.79, 158.89, 0
63.94, 182.80, 0
66.52, 149.78, 0
65.20, 189.96, 0
65.79, 241.14, 0
68.78, 207.41, 0
68.15, 162.35, 0
71.31, 145.14, 0
66.31, 189.80, 0
65.88, 186.13, 0
69.65, 165.28, 0
70.28, 153.69, 0
73.69, 158.17, 0
70.38, 170.82, 0
71.56, 125.83, 0
67.41, 209.47, 0
71.86, 153.09, 0
67.61, 172.23, 0
66.83, 182.81, 0
72.37, 133.18, 0
73.87, 170.52, 0
68.39, 189.90, 0
68.92, 254.67, 0
68.36, 169.05, 0
67.28, 172.96, 0
65.57, 217.03, 0
69.45, 166.02, 0
60.38, 166.61, 0
71.81, 113.26, 0
63.75, 158.32, 0
69.40, 168.85, 0
75.23, 167.40, 0
68.08, 221.82, 0
74.39, 218.20, 0
70.74, 210.86, 0
70.07, 191.02, 0
69.12, 198.41, 0
67.41, 139.50, 0
65.10, 142.71, 0
73.33, 191.31, 0
71.39, 112.22, 0
66.68, 153.46, 0
69.44, 173.48, 0
70.79, 167.22, 0
71.29, 185.91, 0
66.29, 154.07, 0
63.03, 164.21, 0
72.63, 204.95, 0
67.89, 178.10, 0
66.05, 176.43, 1
67.06, 138.64, 1
67.12, 203.05, 1
63.31, 183.35, 1
63.96, 115.22, 1
62.78, 140.07, 1
63.56, 140.20, 1
63.12, 143.48, 1
62.26, 149.63, 1
63.05, 167.87, 1
62.41, 125.46, 1
59.30, 161.83, 1
64.95, 54.47, 1
65.52, 192.52, 1
63.21, 164.83, 1
61.66, 104.64, 1
61.41, 130.20, 1
60.75, 128.56, 1
65.95, 117.12, 1
63.76, 147.05, 1
63.40, 138.75, 1
62.90, 65.47, 1
66.62, 177.55, 1
64.53, 130.46, 1
60.58, 126.82, 1
65.52, 134.40, 1
62.76, 162.23, 1
66.69, 152.18, 1
62.12, 158.13, 1
63.54, 115.09, 1
59.42, 184.93, 1
69.02, 131.78, 1
63.84, 125.40, 1
60.55, 110.55, 1
66.27, 189.28, 1
64.86, 136.00, 1
62.75, 140.34, 1
62.47, 163.58, 1
63.26, 157.99, 1
64.66, 81.98, 1
66.38, 144.99, 1
61.47, 183.80, 1
61.95, 147.78, 1
59.64, 152.21, 1
60.91, 123.01, 1
64.80, 76.97, 1
60.69, 144.74, 1
63.51, 159.47, 1
69.38, 139.59, 1
65.52, 189.46, 1
66.67, 153.54, 1
64.19, 128.63, 1
62.36, 177.09, 1
63.42, 144.06, 1
62.06, 154.42, 1
61.20, 129.65, 1
64.13, 133.99, 1
59.80, 143.42, 1
63.58, 167.59, 1
66.05, 139.94, 1
60.06, 167.46, 1
66.20, 129.69, 1
64.91, 106.14, 1
65.17, 142.40, 1
68.87, 124.41, 1
63.80, 136.97, 1
67.53, 120.51, 1
66.20, 113.01, 1
66.49, 101.72, 1
59.19, 88.50, 1
63.99, 141.90, 1
63.48, 142.33, 1
61.83, 93.70, 1
59.47, 115.84, 1
64.22, 120.24, 1
63.53, 178.13, 1
65.92, 142.93, 1
61.56, 122.73, 1
64.76, 23.95, 1
66.03, 164.47, 1
64.04, 133.20, 1
63.66, 168.89, 1
62.91, 104.79, 1
62.01, 200.24, 1
60.17, 120.85, 1
67.92, 177.45, 1
63.15, 134.73, 1
59.39, 171.09, 1
62.61, 75.64, 1
66.01, 164.20, 1
62.74, 103.30, 1
65.88, 138.04, 1
67.93, 129.60, 1
62.05, 114.09, 1
63.71, 187.17, 1
62.15, 131.01, 1
61.70, 135.12, 1
68.11, 167.74, 1
64.82, 172.85, 1
64.98, 177.35, 1
65.00, 169.58, 1
63.76, 181.52, 1
67.93, 139.11, 1
65.72, 211.83, 1
65.31, 168.91, 1
67.78, 207.43, 1
57.26, 97.71, 1
63.93, 196.82, 1
60.80, 151.75, 1
63.78, 155.64, 1
61.43, 171.10, 1
62.59, 131.51, 1
64.95, 149.53, 1
64.12, 127.04, 1
63.78, 156.28, 1
66.88, 134.32, 1
67.97, 165.90, 1
61.32, 150.62, 1
60.04, 194.96, 1
63.48, 164.61, 1
58.64, 165.79, 1
60.54, 151.06, 1
62.37, 176.34, 1
63.82, 146.47, 1
70.96, 154.75, 1
61.15, 120.30, 1
60.62, 100.47, 1
62.72, 100.43, 1
63.99, 84.00, 1
62.56, 142.40, 1
64.74, 151.35, 1
62.14, 194.76, 1
63.31, 210.67, 1
59.29, 191.45, 1
58.03, 162.44, 1
70.24, 97.33, 1
66.26, 111.47, 1
65.84, 140.41, 1
62.08, 165.68, 1
64.99, 146.44, 1
64.32, 202.11, 1
65.69, 154.56, 1
64.04, 125.79, 1
61.29, 146.45, 1
66.74, 113.48, 1
66.25, 75.94, 1
60.85, 131.49, 1
59.68, 195.30, 1
64.31, 68.05, 1
67.01, 155.04, 1
64.86, 88.95, 1
65.63, 169.15, 1
61.12, 125.90, 1
65.59, 180.80, 1
68.58, 148.81, 1
66.80, 176.27, 1
63.75, 185.23, 1
65.19, 165.19, 1
61.48, 155.25, 1
64.37, 169.27, 1
65.88, 128.56, 1
64.50, 232.76, 1
64.50, 177.51, 1
63.65, 149.43, 1
62.65, 197.62, 1
61.80, 166.11, 1
61.30, 72.19, 1
66.37, 162.99, 1
62.52, 78.94, 1
67.91, 205.49, 1
66.52, 148.13, 1
60.09, 110.20, 1
60.43, 137.40, 1
66.32, 186.22, 1
62.95, 142.32, 1
61.39, 157.33, 1
62.60, 156.85, 1
65.13, 158.73, 1
62.03, 122.31, 1
62.02, 105.78, 1
61.25, 119.23, 1
66.34, 158.63, 1
63.06, 117.30, 1
65.43, 144.86, 1
59.67, 169.90, 1
62.94, 162.77, 1
61.42, 170.68, 1
62.53, 101.66, 1
61.50, 128.59, 1
63.73, 186.09, 1
61.64, 156.22, 1
62.96, 143.59, 1
62.26, 140.15, 1
64.29, 120.86, 1
62.23, 152.66, 1
64.86, 129.43, 1
66.23, 169.05, 1
67.76, 110.00, 1
60.76, 137.89, 1
65.58, 117.96, 1
63.57, 98.19, 1
58.97, 182.17, 1
67.89, 123.51, 1
65.25, 168.02, 1
67.05, 150.01, 1
58.89, 129.74, 1
66.43, 113.50, 1
63.25, 150.79, 1
62.91, 74.38, 1
62.92, 106.87, 1
63.09, 126.00, 1
61.43, 149.12, 1
61.31, 108.03, 1
57.68, 146.73, 1
65.23, 206.39, 1
64.29, 177.60, 1
66.93, 119.61, 1
61.39, 120.43, 1
60.38, 106.43, 1
63.59, 112.55, 1
61.35, 147.14, 1
65.54, 117.08, 1
66.38, 157.42, 1
62.95, 150.77, 1
62.91, 78.79, 1
64.54, 115.46, 1
61.95, 105.87, 1
65.07, 148.56, 1
65.67, 108.46, 1
66.05, 139.25, 1
64.19, 109.20, 1
64.00, 125.51, 1
62.77, 192.59, 1
64.13, 131.27, 1
63.11, 130.20, 1
65.21, 92.44, 1
64.63, 131.18, 1
61.23, 96.43, 1
63.38, 122.14, 1
61.56, 136.11, 1
64.64, 80.68, 1
59.90, 106.15, 1
63.37, 141.53, 1
66.05, 151.50, 1
60.01, 183.46, 1
60.13, 124.48, 1
63.91, 111.55, 1
61.59, 179.25, 1
62.26, 164.28, 1
63.66, 148.30, 1
67.14, 163.80, 1
65.36, 204.95, 1
63.13, 167.20, 1
59.20, 138.28, 1
60.43, 114.96, 1
65.74, 159.60, 1
63.90, 76.97, 1
62.93, 100.66, 1
62.64, 118.64, 1
63.14, 163.16, 1
64.73, 184.20, 1
56.40, 84.02, 1
65.60, 117.65, 1
61.96, 176.13, 1
59.98, 178.38, 1
64.48, 117.91, 1
66.81, 162.94, 1
59.62, 112.73, 1
61.26, 103.92, 1
66.37, 160.74, 1
60.23, 121.33, 1
65.18, 151.82, 1
64.69, 128.17, 1
59.93, 136.50, 1
64.71, 157.80, 1
62.36, 138.00, 1
62.81, 125.76, 1
67.59, 182.38, 1
68.07, 153.52, 1
65.49, 136.88, 1
64.42, 193.36, 1
62.10, 113.83, 1
61.16, 166.18, 1
62.36, 178.78, 1
65.12, 130.89, 1
64.31, 176.28, 1
63.88, 93.23, 1
61.41, 143.96, 1
62.69, 128.40, 1
63.76, 135.56, 1
65.88, 118.75, 1
60.08, 118.17, 1
59.97, 174.98, 1
64.02, 159.40, 1
67.73, 116.61, 1
64.68, 145.35, 1
60.10, 121.58, 1
66.46, 136.15, 1
66.81, 140.65, 1
63.89, 138.07, 1
65.15, 122.45, 1
64.62, 177.84, 1
60.78, 99.64, 1
67.00, 147.68, 1
62.90, 144.51, 1
62.08, 177.75, 1
65.87, 63.60, 1
67.44, 159.20, 1
61.72, 133.37, 1
65.44, 178.34, 1
67.27, 143.71, 1
59.10, 173.87, 1
59.09, 114.31, 1
62.51, 173.52, 1
65.43, 115.29, 1
63.86, 178.69, 1
60.01, 128.66, 1
71.12, 114.05, 1
63.38, 83.96, 1
64.68, 124.09, 1
64.02, 158.57, 1
68.84, 155.31, 1
60.14, 113.17, 1
66.76, 207.17, 1
61.78, 118.10, 1
64.78, 120.38, 1
65.95, 128.93, 1
59.41, 167.51, 1
61.10, 180.58, 1
63.45, 101.37, 1
62.45, 132.81, 1
63.17, 137.33, 1
63.14, 120.02, 1
66.16, 107.69, 1
65.12, 162.32, 1
68.74, 87.79, 1
61.58, 139.72, 1
64.18, 135.05, 1
60.94, 100.90, 1
65.39, 186.43, 1
59.44, 104.78, 1
63.48, 113.40, 1
65.23, 77.89, 1
64.50, 149.77, 1
60.24, 141.20, 1
57.14, 142.23, 1
69.75, 174.04, 1
61.22, 170.17, 1
64.72, 189.17, 1
63.24, 95.29, 1
63.38, 98.93, 1
64.12, 159.38, 1
60.71, 113.05, 1
56.52, 182.75, 1
65.33, 167.01, 1
62.06, 123.51, 1
61.37, 167.00, 1
68.70, 151.92, 1
62.45, 103.41, 1
59.39, 183.30, 1
61.93, 196.13, 1
64.17, 111.25, 1
63.90, 199.78, 1
62.75, 97.84, 1
60.63, 122.27, 1
64.56, 162.66, 1
62.22, 160.35, 1
63.43, 170.32, 1
62.77, 161.94, 1
58.60, 165.44, 1
64.17, 190.37, 1
65.80, 96.84, 1
57.89, 135.77, 1
65.93, 143.39, 1
66.17, 130.73, 1
67.04, 180.12, 1
61.65, 115.30, 1
69.62, 186.47, 1
61.05, 124.27, 1
61.29, 126.15, 1
60.26, 182.67, 1
58.54, 134.30, 1
64.87, 155.53, 1
63.00, 226.55, 1
64.37, 161.21, 1
70.78, 167.59, 1
62.81, 137.99, 1
68.62, 153.89, 1
64.64, 143.97, 1
60.86, 131.45, 1
67.24, 194.71, 1
59.96, 137.53, 1
64.19, 152.86, 1
63.62, 151.14, 1
58.48, 150.97, 1
66.04, 116.89, 1
61.66, 52.92, 1
64.83, 168.71, 1
59.05, 155.85, 1
66.53, 148.05, 1
61.18, 115.45, 1
61.21, 67.24, 1
65.36, 79.58, 1
67.91, 125.28, 1
60.99, 128.40, 1
61.56, 151.40, 1
64.73, 104.37, 1
65.12, 152.04, 1
62.86, 167.00, 1
61.61, 156.19, 1
65.03, 115.86, 1
65.26, 142.53, 1
67.15, 195.66, 1
66.23, 133.34, 1
63.13, 113.42, 1
64.24, 140.16, 1
61.46, 88.20, 1
58.85, 143.63, 1
67.38, 150.97, 1
62.92, 154.36, 1
67.55, 170.94, 1
61.70, 127.21, 1
61.77, 101.05, 1
63.37, 162.04, 1
66.32, 126.70, 1
64.83, 127.77, 1
66.99, 204.53, 1
67.37, 95.40, 1
59.39, 176.25, 1
64.41, 104.75, 1
64.61, 182.71, 1
63.74, 181.93, 1
65.97, 110.96, 1
65.27, 192.43, 1
65.77, 161.33, 1
61.20, 167.79, 1
64.97, 190.97, 1
64.32, 133.50, 1
66.28, 113.75, 1
62.09, 183.54, 1
62.17, 170.52, 1
62.60, 119.31, 1
64.21, 105.34, 1
63.27, 111.90, 1
64.13, 88.51, 1
62.12, 110.07, 1
62.48, 209.65, 1
59.96, 141.56, 1
62.36, 120.10, 1
63.19, 67.92, 1
64.37, 140.64, 1
66.02, 169.05, 1
66.86, 98.33, 1
64.54, 127.08, 1
63.01, 180.63, 1
61.53, 134.01, 1
68.28, 85.35, 1
63.65, 129.25, 1
63.42, 146.25, 1
62.78, 104.50, 1
63.75, 131.43, 1
63.21, 152.17, 1
64.64, 117.21, 1
61.48, 152.18, 1
59.91, 154.02, 1
60.53, 149.45, 1
62.98, 137.14, 1
60.62, 134.55, 1
62.16, 181.78, 1
61.51, 146.28, 1
60.11, 121.51, 1
64.36, 113.35, 1
62.47, 156.86, 1
68.29, 129.76, 1
62.38, 204.99, 1
59.78, 165.91, 1
66.72, 89.83, 1
64.49, 158.28, 1
66.07, 231.49, 1
64.24, 220.10, 1
61.23, 183.71, 1
64.87, 150.49, 1
62.68, 107.96, 1
62.77, 135.93, 1
67.89, 75.73, 1
66.38, 100.63, 1
63.35, 139.70, 1
63.62, 136.69, 1
60.05, 144.62, 1
63.38, 185.55, 1
61.12, 181.58, 1
63.24, 129.59, 1
60.63, 154.47, 1
61.24, 123.29, 1
61.99, 176.68, 1
64.97, 161.75, 1
60.95, 159.02, 1
61.32, 97.61, 1
63.47, 108.62, 1
61.47, 178.37, 1
58.90, 149.55, 1
62.30, 147.80, 1
64.25, 88.37, 1
59.61, 100.59, 1
66.11, 118.60, 1
64.37, 98.44, 1
65.79, 175.36, 1
61.40, 129.26, 1
63.61, 97.02, 1
61.14, 187.56, 1
60.51, 168.92, 1
65.41, 127.87, 1
64.69, 126.65, 1
64.28, 193.57, 1
65.41, 196.45, 1
60.48, 164.51, 1
61.98, 120.40, 1
63.36, 190.85, 1
59.25, 163.75, 1
64.66, 99.09, 1
63.15, 158.38, 1
62.03, 146.12, 1
58.84, 122.63, 1
68.65, 154.35, 1
60.90, 128.55, 1
63.56, 170.99, 1
60.33, 160.47, 1
63.91, 141.26, 1
63.36, 196.69, 1
57.49, 118.36, 1
63.22, 91.45, 1
66.91, 66.74, 1
67.29, 174.65, 1
63.15, 122.08, 1
62.35, 129.01, 1
64.66, 188.36, 1
62.82, 135.01, 1
59.90, 131.17, 1
67.40, 140.66, 1
62.37, 170.23, 1
63.98, 136.53, 1
63.20, 153.61, 1
63.43, 107.77, 1
63.92, 165.53, 1
60.54, 134.75, 1
65.91, 146.17, 1
64.28, 177.16, 1
64.69, 133.44, 1
63.31, 168.91, 1
68.98, 154.54, 1
64.75, 167.27, 1
60.27, 153.77, 1
62.75, 160.52, 1
64.96, 86.71, 1
66.13, 206.94, 1
65.69, 145.31, 1
63.96, 154.64, 1
63.70, 128.42, 1
64.52, 121.49, 1
61.24, 109.03, 1
64.08, 146.47, 1
65.72, 158.46, 1
60.00, 143.93, 1
64.92, 118.69, 1
66.93, 167.48, 1
66.81, 66.70, 1
64.72, 151.86, 1
64.32, 125.30, 1
69.15, 191.81, 1
62.64, 138.33, 1
66.07, 131.11, 1
61.91, 120.80, 1
64.10, 118.50, 1
64.49, 153.87, 1
63.91, 142.42, 1
62.68, 164.99, 1
67.45, 135.35, 1
62.69, 142.88, 1
65.79, 99.51, 1
57.26, 182.39, 1
67.42, 165.72, 1
63.75, 200.65, 1
59.83, 153.77, 1
64.05, 175.28, 1
62.71, 175.59, 1
62.13, 188.31, 1
58.28, 147.26, 1
62.68, 185.16, 1
64.63, 103.92, 1
59.48, 140.82, 1
64.52, 119.67, 1
61.54, 95.65, 1
61.86, 128.65, 1
63.14, 140.75, 1
61.78, 180.30, 1
60.16, 144.69, 1
62.53, 123.87, 1
61.96, 107.03, 1
61.02, 124.78, 1
62.50, 141.22, 1
65.65, 209.12, 1
65.09, 229.31, 1
63.87, 107.05, 1
66.72, 111.50, 1
63.11, 185.40, 1
66.01, 182.75, 1
64.53, 134.95, 1
63.43, 144.51, 1
64.26, 99.59, 1
66.97, 182.89, 1
66.41, 167.80, 1
63.31, 138.73, 1
59.95, 143.62, 1
66.66, 107.36, 1
63.04, 104.95, 1
62.20, 130.55, 1
62.02, 163.46, 1
58.18, 167.86, 1
63.72, 136.98, 1
65.46, 145.56, 1
61.89, 159.27, 1
63.66, 171.45, 1
62.24, 142.59, 1
63.13, 175.25, 1
64.13, 134.32, 1
61.21, 177.55, 1
65.48, 85.28, 1
66.10, 83.36, 1
64.99, 148.52, 1
63.04, 130.65, 1
62.47, 154.73, 1
64.91, 99.03, 1
64.95, 185.88, 1
67.79, 133.25, 1
66.62, 133.80, 1
62.29, 142.83, 1
64.59, 144.45, 1
64.70, 72.03, 1
64.73, 203.06, 1
60.00, 105.23, 1
65.07, 135.16, 1
64.98, 113.40, 1
65.18, 155.11, 1
66.90, 165.69, 1
63.32, 110.15, 1
63.08, 174.82, 1
67.38, 156.54, 1
62.88, 180.84, 1
68.91, 106.16, 1
67.78, 134.70, 1
61.40, 137.55, 1
60.00, 136.12, 1
63.35, 133.19, 1
59.10, 173.28, 1
58.24, 119.10, 1
67.31, 130.28, 1
61.93, 156.65, 1
62.55, 156.17, 1
60.58, 122.78, 1
68.23, 137.60, 1
62.62, 210.99, 1
61.81, 181.04, 1
61.35, 146.64, 1
61.57, 173.39, 1
64.39, 141.12, 1
60.20, 115.73, 1
68.61, 111.16, 1
64.06, 214.10, 1
64.75, 95.37, 1
62.18, 95.51, 1
67.55, 171.18, 1
63.66, 232.41, 1
67.88, 121.54, 1
64.03, 132.92, 1
64.53, 89.87, 1
63.09, 146.38, 1
61.44, 122.77, 1
62.58, 175.62, 1
62.65, 166.09, 1
62.56, 115.50, 1
66.22, 165.66, 1
63.57, 111.24, 1
61.02, 103.12, 1
66.27, 221.81, 1
56.73, 152.46, 1
60.17, 136.01, 1
64.11, 177.55, 1
65.45, 107.48, 1
64.27, 123.83, 1
63.84, 184.67, 1
68.37, 107.93, 1
68.83, 156.44, 1
64.89, 111.39, 1
61.98, 146.49, 1
63.26, 130.77, 1
61.27, 93.87, 1
59.25, 114.98, 1
61.80, 123.48, 1
65.00, 153.41, 1
64.89, 117.31, 1
63.07, 148.21, 1
62.53, 220.91, 1
66.78, 189.99, 1
63.24, 107.73, 1
72.10, 195.42, 1
62.31, 155.68, 1
66.72, 83.24, 1
62.48, 117.78, 1
61.91, 132.32, 1
60.52, 105.25, 1
66.44, 90.67, 1
59.96, 163.50, 1
59.25, 209.75, 1
62.78, 92.05, 1
66.22, 134.83, 1
60.91, 99.56, 1
63.42, 141.23, 1
61.42, 130.45, 1
67.72, 118.63, 1
64.37, 141.91, 1
60.92, 161.21, 1
60.58, 200.05, 1
65.37, 140.38, 1
63.27, 136.63, 1
60.85, 159.97, 1
62.52, 113.51, 1
64.09, 81.78, 1
64.28, 107.90, 1
62.22, 131.78, 1
64.29, 142.22, 1
61.86, 151.36, 1
60.54, 152.07, 1
63.95, 125.26, 1
66.11, 137.67, 1
68.59, 161.14, 1
66.97, 181.00, 1
63.41, 143.31, 1
59.80, 214.05, 1
69.10, 179.34, 1
64.41, 152.22, 1
67.56, 149.66, 1
63.03, 128.63, 1
64.13, 81.28, 1
64.02, 120.36, 1
62.84, 97.41, 1
61.54, 172.88, 1
66.79, 139.60, 1
63.38, 147.09, 1
61.35, 135.89, 1
66.04, 111.69, 1
68.54, 154.77, 1
65.28, 177.52, 1
61.45, 140.37, 1
65.12, 155.45, 1
63.87, 131.59, 1
62.09, 216.34, 1
61.73, 155.67, 1
60.36, 143.05, 1
61.16, 176.56, 1
64.48, 127.14, 1
62.82, 112.88, 1
61.23, 162.12, 1
62.38, 127.81, 1
61.34, 179.39, 1
67.19, 134.94, 1
61.17, 175.25, 1
63.57, 187.01, 1
57.71, 155.97, 1
65.76, 173.59, 1
63.86, 126.86, 1
65.24, 120.78, 1
64.05, 180.09, 1
59.19, 160.40, 1
67.31, 149.21, 1
64.19, 115.37, 1
64.92, 139.82, 1
68.30, 161.18, 1
62.41, 176.98, 1
63.88, 126.40, 1
64.05, 118.48, 1
60.11, 170.89, 1
64.39, 185.26, 1
64.01, 150.94, 1
60.12, 162.75, 1
65.87, 126.73, 1
58.73, 187.61, 1
67.19, 113.61, 1
65.15, 85.75, 1
66.27, 224.55, 1
60.87, 147.89, 1
62.98, 134.67, 1
60.92, 156.43, 1
61.09, 119.86, 1
60.47, 149.49, 1
65.45, 170.85, 1
61.78, 178.15, 1
60.26, 115.09, 1
62.62, 87.48, 1
66.27, 134.99, 1
68.08, 214.22, 1
63.96, 141.69, 1
61.54, 170.01, 1
64.35, 220.09, 1
66.57, 94.84, 1
60.70, 118.45, 1
66.36, 243.84, 1
63.48, 120.69, 1
62.16, 124.22, 1
60.20, 153.95, 1
59.95, 110.74, 1
66.86, 170.43, 1
67.98, 183.02, 1
65.98, 135.75, 1
66.02, 216.42, 1
59.63, 117.83, 1
61.26, 84.55, 1
64.85, 104.27, 1
61.68, 188.21, 1
67.06, 108.96, 1
66.83, 140.03, 1
64.78, 148.25, 1
67.17, 78.15, 1
61.39, 162.54, 1
60.76, 155.15, 1
65.40, 124.71, 1
62.28, 85.36, 1
67.52, 139.83, 1
65.09, 100.82, 1
62.75, 136.67, 1
68.41, 124.62, 1
62.44, 129.89, 1
64.20, 121.08, 1
60.75, 86.81, 1
61.76, 144.14, 1
67.46, 190.57, 1
63.19, 105.05, 1
63.46, 181.28, 1
67.65, 88.46, 1
63.46, 109.69, 1
62.28, 127.50, 1
63.71, 162.96, 1
63.32, 97.78, 1
60.62, 116.22, 1
63.68, 157.25, 1
62.20, 165.41, 1
62.57, 137.36, 1
63.63, 109.62, 1
64.18, 135.00, 1
61.49, 121.09, 1
64.79, 152.04, 1
60.93, 121.58, 1
62.68, 161.96, 1
59.48, 119.90, 1
65.34, 144.57, 1
62.09, 163.27, 1
63.06, 137.15, 1
61.31, 141.58, 1
66.13, 122.13, 1
65.66, 161.27, 1
57.84, 124.60, 1
66.09, 121.30, 1
62.26, 185.81, 1
59.13, 144.40, 1
64.00, 155.84, 1
63.53, 159.27, 1
61.64, 151.82, 1
59.26, 159.23, 1
61.57, 162.28, 1
65.04, 144.72, 1
62.12, 148.02, 1
62.75, 154.41, 1
69.33, 185.68, 1
62.04, 173.36, 1
64.94, 58.16, 1
62.40, 186.61, 1
56.74, 190.80, 1
66.98, 99.38, 1
57.78, 153.06, 1
64.37, 102.77, 1
56.21, 135.26, 1
62.83, 144.88, 1
65.41, 142.07, 1
59.92, 146.71, 1
68.42, 136.93, 1
64.42, 201.95, 1
61.61, 115.71, 1
59.36, 126.80, 1
65.97, 140.07, 1
66.59, 126.85, 1
61.79, 174.79, 1
67.53, 206.83, 1
62.45, 131.66, 1
68.22, 157.41, 1
59.66, 194.19, 1
64.61, 114.40, 1
67.74, 145.44, 1
66.13, 157.21, 1
64.29, 121.37, 1
64.35, 136.67, 1
68.54, 135.38, 1
61.74, 126.82, 1
64.70, 102.12, 1
57.42, 138.85, 1
65.41, 159.47, 1
62.37, 116.49, 1
60.75, 154.57, 1
64.70, 157.68, 1
63.12, 140.76, 1
61.38, 158.12, 1
59.52, 186.68, 1
61.15, 159.10, 1
63.62, 118.79, 1
62.26, 148.10, 1
61.32, 179.84, 1
62.66, 131.06, 1
62.47, 125.32, 1
64.31, 97.35, 1
67.83, 121.53, 1
68.47, 141.56, 1
61.30, 150.41, 1
64.84, 129.63, 1
57.71, 130.16, 1
63.25, 120.52, 1
65.06, 124.11, 1
63.60, 151.44, 1
64.24, 165.63, 1
65.57, 137.93, 1
62.27, 153.47, 1
64.77, 100.79, 1
65.66, 166.72, 1
61.21, 129.06, 1
66.23, 152.71, 1
66.35, 71.59, 1
62.15, 114.17, 1
65.30, 124.79, 1
66.46, 123.81, 1
65.79, 122.16, 1
56.67, 171.90, 1
61.36, 178.34, 1
62.74, 147.31, 1
56.72, 108.53, 1
62.89, 95.67, 1
61.55, 162.82, 1
63.93, 73.51, 1
64.89, 153.28, 1
67.27, 94.14, 1
66.26, 175.31, 1
66.27, 75.21, 1
61.80, 160.25, 1
71.16, 125.12, 1
62.54, 159.05, 1
64.51, 86.20, 1
62.21, 186.30, 1
64.88, 78.54, 1
63.77, 123.65, 1
66.70, 132.50, 1
64.74, 185.01, 1
63.87, 138.25, 1
64.92, 149.78, 1
62.99, 184.96, 1
62.55, 132.36, 1
63.43, 169.65, 1
63.70, 132.16, 1
66.46, 187.49, 1
65.20, 199.03, 1
65.60, 149.28, 1
64.40, 190.31, 1
61.12, 120.47, 1
61.96, 169.90, 1
63.30, 118.94, 1
62.77, 159.68, 1
66.74, 130.03, 1
63.60, 171.79, 1
64.71, 155.86, 1
65.83, 133.31, 1
67.79, 149.94, 1
65.64, 194.31, 1
62.41, 116.63, 1
67.63, 109.93, 1
63.66, 163.86, 1
59.64, 187.36, 1
61.71, 111.93, 1
63.63, 108.75, 1
61.85, 207.46, 1
62.46, 83.91, 1
64.09, 124.78, 1
62.96, 139.34, 1
66.18, 163.14, 1
64.23, 147.67, 1
59.69, 101.36, 1
64.14, 151.88, 1
62.99, 171.07, 1
61.35, 162.90, 1
61.93, 129.63, 1
64.09, 114.51, 1
65.96, 174.83, 1
68.98, 178.62, 1
63.51, 160.84, 1
62.59, 153.16, 1
62.82, 180.66, 1
63.71, 140.89, 1
65.55, 93.10, 1
64.93, 130.20, 1
62.06, 167.07, 1
63.66, 121.79, 1
68.64, 124.28, 1
67.71, 151.82, 1
64.96, 165.80, 1
63.16, 145.36, 1
61.90, 238.77, 1
64.90, 167.19, 1
64.54, 139.39, 1
63.27, 161.64, 1
64.34, 97.37, 1
62.08, 121.65, 1
67.90, 163.55, 1
65.41, 139.24, 1
65.40, 134.43, 1
61.39, 151.50, 1
67.43, 119.88, 1
64.94, 103.50, 1
66.43, 111.25, 1
63.89, 160.76, 1
69.72, 155.32, 1
59.96, 163.12, 1
60.78, 109.49, 1
68.82, 142.76, 1
57.25, 170.74, 1
63.48, 151.20, 1
65.17, 140.23, 1
68.18, 142.14, 1
67.16, 140.70, 1
59.67, 117.69, 1
62.63, 129.32, 1
66.39, 113.48, 1
62.42, 119.73, 1
63.17, 130.37, 1
64.51, 142.14, 1
62.14, 181.00, 1
64.19, 146.27, 1
67.39, 143.06, 1
62.62, 99.17, 1
61.96, 166.35, 1
61.92, 195.11, 1
62.27, 183.57, 1
63.71, 131.47, 1
63.97, 143.82, 1
60.31, 127.26, 1
59.38, 139.22, 1
64.13, 117.47, 1
55.86, 136.46, 1
61.46, 111.54, 1
65.54, 150.83, 1
63.65, 124.15, 1
64.75, 182.54, 1
64.75, 153.43, 1
64.79, 138.77, 1
65.72, 109.39, 1
63.23, 110.67, 1
59.99, 147.47, 1
65.74, 131.60, 1
61.78, 137.17, 1
60.67, 95.21, 1
67.94, 154.32, 1
64.38, 137.09, 1
67.73, 124.45, 1
65.08, 160.95, 1
62.09, 124.71, 1
62.06, 144.40, 1
63.15, 125.53, 1
62.26, 153.09, 1
63.37, 156.74, 1
62.76, 194.40, 1
63.22, 183.30, 1
64.87, 55.00, 1
66.12, 172.32, 1
62.10, 59.39, 1
66.02, 55.58, 1
62.73, 142.64, 1
65.02, 110.82, 1
63.65, 122.03, 1
65.71, 203.34, 1
66.92, 113.05, 1
64.76, 177.21, 1
62.94, 155.67, 1
64.70, 138.21, 1
65.43, 161.61, 1
60.03, 188.20, 1
64.29, 145.03, 1
67.64, 133.40, 1
63.05, 129.51, 1
66.27, 102.40, 1
64.26, 118.35, 1
62.32, 136.50, 1
67.38, 143.90, 1
61.74, 115.42, 1
60.43, 131.34, 1
62.33, 115.11, 1
65.28, 168.55, 1
67.53, 127.42, 1
63.82, 152.14, 1
65.80, 183.60, 1
62.00, 192.32, 1
64.87, 213.38, 1
61.78, 124.80, 1
68.55, 142.81, 1
58.57, 116.76, 1
65.77, 167.63, 1
59.38, 108.15, 1
63.80, 129.93, 1
61.85, 105.23, 1
64.13, 182.87, 1
59.61, 155.37, 1
63.38, 176.82, 1
59.07, 168.33, 1
62.80, 172.88, 1
65.97, 136.38, 1
61.91, 171.55, 1
63.93, 181.65, 1
61.08, 95.02, 1
60.66, 146.23, 1
62.51, 247.44, 1
62.43, 195.28, 1
63.77, 131.44, 1
64.90, 127.69, 1
65.94, 156.72, 1
65.02, 186.81, 1
64.15, 147.25, 1
62.34, 185.67, 1
60.29, 149.01, 1
63.75, 123.74, 1
63.77, 149.44, 1
63.10, 101.93, 1
62.11, 173.98, 1
65.07, 137.04, 1
62.92, 152.64, 1
65.58, 128.94, 1
60.91, 170.50, 1
63.51, 155.92, 1
63.79, 145.21, 1
66.59, 185.29, 1
60.38, 101.82, 1
59.97, 54.65, 1
66.51, 124.87, 1
63.31, 172.19, 1
62.35, 132.05, 1
67.66, 126.12, 1
64.83, 153.10, 1
62.49, 194.04, 1
62.56, 123.30, 1
64.06, 144.37, 1
62.40, 168.18, 1
63.26, 103.38, 1
65.03, 157.65, 1
63.82, 120.68, 1
61.35, 191.36, 1
60.41, 128.70, 1
62.01, 187.73, 1
61.81, 180.23, 1
63.06, 123.65, 1
62.66, 149.85, 1
62.92, 123.59, 1
63.87, 152.34, 1
64.51, 189.24, 1
60.26, 103.18, 1
67.84, 144.70, 1
62.91, 147.74, 1
64.95, 197.67, 1
61.47, 183.96, 1
67.80, 117.07, 1
64.22, 138.07, 1
65.46, 131.14, 1
64.43, 157.26, 1
64.08, 169.46, 1
61.14, 153.34, 1
63.57, 117.52, 1
67.40, 130.80, 1
66.40, 201.92, 1
59.54, 163.57, 1
65.87, 143.43, 1
63.75, 163.94, 1
63.60, 124.88, 1
58.40, 180.96, 1
63.16, 123.35, 1
65.77, 127.87, 1
62.30, 113.48, 1
63.85, 114.49, 1
63.99, 106.37, 1
60.72, 109.00, 1
63.03, 143.93, 1
65.46, 194.68, 1
70.62, 157.05, 1
64.06, 148.71, 1
62.18, 183.57, 1
62.50, 138.83, 1
61.64, 230.16, 1
67.87, 151.56, 1
67.19, 176.73, 1
62.52, 128.26, 1
64.78, 153.37, 1
62.94, 161.33, 1
62.32, 149.69, 1
63.55, 201.04, 1
63.21, 173.98, 1
66.58, 139.14, 1
65.83, 102.30, 1
64.56, 121.86, 1
66.35, 115.37, 1
64.47, 134.39, 1
65.40, 155.80, 1
60.10, 109.14, 1
63.57, 165.40, 1
63.60, 130.41, 1
59.95, 144.08, 1
64.57, 135.38, 1
64.83, 122.39, 1
66.02, 147.43, 1
59.04, 101.59, 1
64.43, 154.95, 1
64.06, 132.78, 1
63.86, 132.40, 1
62.94, 103.37, 1
68.54, 175.38, 1
64.16, 157.08, 1
63.49, 122.64, 1
63.70, 190.28, 1
63.63, 129.98, 1
66.84, 161.95, 1
61.54, 155.62, 1
65.70, 102.16, 1
63.53, 177.38, 1
61.82, 155.78, 1
60.89, 122.49, 1
65.21, 137.16, 1
68.57, 126.24, 1
63.29, 144.65, 1
67.15, 120.00, 1
64.65, 128.02, 1
67.42, 154.02, 1
65.12, 119.12, 1
67.62, 143.10, 1
65.06, 168.40, 1
60.83, 180.57, 1
64.69, 174.51, 1
69.64, 132.94, 1
60.97, 155.11, 1
64.98, 157.92, 1
61.16, 149.80, 1
62.18, 158.23, 1
60.90, 153.81, 1
60.41, 147.96, 1
66.29, 165.01, 1
63.97, 150.32, 1
57.85, 90.78, 1
63.73, 170.00, 1
65.26, 157.93, 1
63.26, 171.33, 1
63.25, 130.81, 1
66.04, 156.05, 1
61.90, 219.04, 1
60.62, 96.84, 1
58.59, 162.90, 1
62.90, 164.20, 1
62.44, 127.50, 1
62.64, 95.46, 1
63.83, 205.17, 1
61.46, 161.13, 1
65.13, 123.74, 1
69.28, 72.38, 1
66.95, 153.19, 1
61.98, 119.97, 1
69.71, 157.39, 1
59.94, 144.56, 1
60.83, 75.09, 1
65.45, 124.00, 1
61.59, 113.07, 1
63.98, 140.17, 1
64.94, 139.41, 1
56.66, 132.41, 1
61.42, 96.15, 1
62.42, 156.66, 1
57.96, 200.02, 1
61.64, 148.21, 1
65.54, 135.34, 1
64.94, 135.19, 1
62.19, 154.84, 1
68.88, 188.01, 1
64.71, 192.18, 1
63.80, 143.14, 1
63.69, 200.41, 1
61.77, 169.82, 1
64.30, 162.51, 1
63.68, 158.45, 1
64.41, 117.89, 1
63.07, 129.86, 1
61.87, 132.46, 1
61.27, 134.94, 1
60.73, 190.40, 1
64.96, 173.31, 1
67.01, 122.55, 1
64.27, 144.82, 1
61.13, 182.38, 1
60.30, 93.16, 1
65.70, 143.50, 1
60.19, 136.53, 1
58.85, 206.03, 1
60.06, 130.95, 1
60.59, 107.13, 1
61.66, 215.13, 1
63.48, 135.31, 1
67.67, 141.32, 1
63.80, 139.57, 1
58.80, 155.51, 1
62.30, 101.27, 1
59.36, 186.60, 1
65.72, 90.60, 1
65.00, 132.18, 1
61.94, 157.03, 1
62.95, 168.23, 1
62.24, 162.60, 1
70.49, 162.45, 1
65.71, 93.26, 1
62.86, 152.92, 1
60.85, 126.34, 1
60.44, 109.86, 1
70.09, 155.39, 1
59.34, 57.93, 1
62.09, 161.53, 1
68.27, 136.13, 1
60.95, 132.92, 1
63.44, 42.41, 1
60.43, 141.07, 1
65.29, 175.05, 1
60.17, 183.61, 1
65.12, 126.68, 1
62.54, 149.05, 1
64.64, 78.50, 1
64.85, 177.99, 1
64.44, 147.71, 1
60.26, 118.02, 1
63.26, 160.06, 1
65.76, 118.55, 1
59.69, 69.94, 1
65.07, 130.39, 1
64.33, 178.78, 1
65.30, 164.13, 1
60.30, 145.67, 1
66.19, 137.24, 1
66.46, 91.55, 1
59.91, 118.65, 1
59.76, 126.24, 1
61.27, 158.61, 1
61.22, 148.71, 1
67.60, 85.73, 1
66.79, 124.17, 1
65.84, 148.39, 1
65.08, 149.13, 1
62.25, 138.92, 1
61.25, 187.37, 1
66.82, 179.73, 1
66.76, 105.45, 1
62.09, 116.97, 1
64.60, 125.41, 1
67.53, 170.04, 1
59.56, 119.61, 1
67.01, 156.71, 1
65.59, 167.12, 1
68.50, 134.30, 1
62.76, 132.82, 1
66.38, 146.40, 1
63.31, 142.02, 1
63.15, 122.88, 1
60.45, 199.52, 1
62.26, 125.89, 1
64.31, 187.11, 1
62.20, 146.57, 1
61.98, 139.61, 1
62.61, 155.11, 1
64.72, 175.41, 1
62.47, 146.57, 1
63.08, 141.44, 1
65.64, 119.82, 1
61.15, 129.34, 1
59.61, 138.08, 1
64.70, 102.62, 1
64.70, 136.33, 1
62.91, 147.71, 1
61.05, 166.38, 1
61.36, 198.78, 1
61.70, 162.87, 1
64.50, 129.97, 1
63.10, 135.32, 1
65.04, 128.46, 1
62.72, 151.62, 1
64.66, 165.68, 1
64.57, 138.03, 1
64.54, 205.80, 1
65.46, 140.66, 1
63.28, 109.54, 1
63.93, 140.66, 1
59.44, 130.78, 1
63.94, 195.09, 1
65.43, 188.33, 1
62.85, 136.31, 1
61.53, 206.58, 1
64.84, 129.07, 1
63.31, 171.95, 1
59.24, 126.06, 1
67.50, 104.41, 1
60.92, 222.08, 1
67.00, 198.78, 1
67.69, 116.23, 1
64.29, 147.60, 1
61.32, 114.70, 1
62.80, 177.12, 1
66.63, 171.32, 1
63.95, 173.45, 1
59.12, 144.66, 1
61.41, 195.57, 1
63.86, 142.78, 1
65.92, 119.70, 1
67.58, 100.78, 1
63.60, 149.91, 1
61.31, 181.58, 1
61.89, 85.01, 1
62.76, 144.92, 1
66.61, 114.55, 1
59.69, 190.30, 1
67.74, 158.97, 1
65.32, 125.31, 1
61.43, 115.26, 1
63.04, 146.86, 1
64.49, 177.35, 1
61.00, 154.54, 1
67.58, 171.13, 1
66.20, 118.41, 1
60.56, 118.12, 1
61.50, 195.70, 1
62.14, 112.36, 1
64.11, 140.05, 1
63.85, 174.06, 1
64.05, 175.52, 1
63.09, 100.96, 1
64.92, 164.99, 1
61.61, 173.89, 1
64.90, 176.26, 1
61.50, 159.32, 1
63.54, 134.39, 1
62.21, 130.61, 1
63.86, 162.95, 1
60.10, 149.99, 1
65.71, 165.86, 1
65.04, 165.21, 1
63.66, 142.36, 1
63.46, 128.25, 1
64.03, 150.93, 1
68.00, 152.39, 1
61.99, 189.65, 1
60.77, 92.17, 1
62.33, 112.84, 1
62.72, 188.15, 1
66.58, 124.76, 1
62.85, 160.06, 1
64.32, 138.77, 1
59.56, 181.83, 1
64.29, 156.09, 1
61.90, 72.55, 1
63.52, 117.38, 1
62.85, 128.89, 1
67.84, 92.99, 1
63.02, 138.73, 1
64.38, 79.18, 1
65.25, 89.34, 1
62.51, 61.13, 1
61.78, 158.37, 1
65.22, 150.73, 1
60.41, 148.13, 1
60.16, 167.69, 1
66.25, 142.25, 1
62.29, 160.01, 1
59.58, 210.71, 1
65.88, 160.72, 1
60.07, 92.05, 1
62.15, 168.33, 1
63.29, 79.75, 1
62.59, 158.22, 1
63.77, 126.04, 1
64.42, 119.56, 1
62.80, 99.99, 1
62.78, 122.07, 1
65.63, 111.16, 1
65.95, 131.20, 1
65.37, 149.85, 1
62.56, 148.23, 1
63.58, 183.75, 1
67.40, 170.63, 1
65.45, 130.80, 1
64.03, 145.61, 1
65.16, 155.20, 1
63.00, 118.52, 1
64.45, 138.12, 1
60.98, 182.79, 1
57.67, 121.47, 1
60.06, 137.97, 1
65.37, 93.23, 1
61.42, 163.89, 1
61.03, 111.08, 1
69.18, 150.53, 1
63.74, 116.69, 1
65.21, 155.86, 1
67.36, 138.85, 1
66.11, 105.44, 1
62.07, 176.71, 1
62.45, 136.66, 1
65.14, 109.79, 1
62.72, 126.19, 1
61.24, 137.67, 1
68.36, 141.11, 1
61.16, 176.49, 1
61.67, 208.04, 1
63.38, 159.31, 1
64.88, 139.33, 1
61.45, 142.49, 1
59.94, 125.51, 1
62.46, 114.56, 1
63.28, 184.51, 1
68.26, 128.35, 1
61.81, 177.18, 1
65.25, 200.59, 1
58.65, 131.83, 1
64.35, 117.61, 1
66.54, 114.05, 1
60.92, 170.96, 1
61.44, 42.62, 1
64.85, 164.36, 1
61.53, 106.96, 1
62.38, 132.31, 1
56.01, 78.43, 1
62.41, 130.79, 1
64.13, 185.29, 1
62.46, 143.47, 1
65.39, 127.44, 1
71.35, 99.08, 1
62.44, 163.47, 1
61.02, 176.63, 1
66.14, 95.34, 1
63.79, 87.17, 1
60.11, 215.69, 1
62.03, 121.37, 1
66.06, 201.97, 1
60.84, 111.68, 1
60.95, 177.19, 1
62.85, 169.16, 1
61.04, 110.60, 1
62.68, 144.29, 1
63.86, 175.08, 1
62.85, 230.83, 1
59.99, 180.60, 1
69.20, 135.20, 1
64.48, 149.97, 1
64.10, 169.16, 1
63.60, 117.61, 1
64.50, 131.95, 1
62.82, 185.72, 1
66.53, 195.03, 1
64.27, 121.45, 1
60.65, 173.26, 1
66.05, 187.63, 1
62.45, 173.72, 1
66.92, 200.04, 1
65.25, 107.38, 1
61.42, 166.69, 1
65.74, 134.54, 1
64.37, 126.87, 1
68.08, 118.50, 1
62.06, 141.05, 1
57.66, 59.53, 1
65.61, 160.24, 1
64.35, 159.38, 1
62.00, 89.12, 1
60.86, 148.29, 1
62.59, 185.50, 1
64.87, 172.79, 1
64.11, 177.56, 1
64.90, 140.87, 1
63.83, 243.51, 1
66.34, 121.29, 1
64.91, 149.71, 1
66.38, 131.94, 1
65.91, 156.33, 1
64.54, 189.87, 1
63.74, 108.11, 1
67.55, 148.75, 1
64.83, 114.29, 1
63.16, 194.85, 1
59.68, 90.90, 1
65.96, 79.35, 1
60.53, 182.13, 1
62.78, 113.59, 1
61.41, 122.61, 1
66.59, 116.31, 1
62.97, 174.51, 1
60.55, 136.84, 1
62.63, 121.23, 1
62.50, 185.13, 1
66.07, 146.42, 1
62.36, 143.91, 1
62.90, 202.34, 1
65.22, 148.65, 1
60.74, 187.46, 1
66.75, 117.04, 1
63.01, 121.92, 1
62.28, 130.01, 1
64.64, 113.27, 1
62.55, 206.61, 1
60.72, 114.86, 1
67.32, 100.17, 1
60.51, 107.35, 1
61.96, 87.40, 1
67.64, 178.07, 1
62.59, 100.71, 1
62.96, 228.12, 1
59.50, 122.17, 1
64.69, 183.79, 1
62.25, 125.67, 1
63.54, 97.95, 1
62.79, 83.59, 1
63.33, 171.66, 1
64.88, 191.94, 1
66.33, 161.81, 1
63.04, 144.36, 1
63.87, 136.70, 1
63.70, 199.78, 1
64.85, 191.38, 1
62.36, 117.37, 1
66.02, 170.69, 1
67.71, 184.44, 1
67.58, 111.99, 1
57.75, 90.73, 1
64.11, 102.77, 1
67.68, 172.35, 1
67.97, 111.68, 1
67.72, 94.56, 1
67.39, 156.01, 1
63.08, 125.23, 1
63.61, 120.28, 1
63.34, 173.33, 1
64.68, 146.95, 1
63.06, 108.26, 1
61.37, 137.50, 1
61.80, 108.06, 1
64.76, 166.98, 1
63.54, 92.06, 1
61.85, 159.62, 1
62.94, 40.96, 1
64.15, 164.05, 1
62.25, 137.58, 1
68.00, 114.64, 1
63.04, 101.98, 1
64.98, 134.02, 1
67.20, 140.19, 1
65.86, 184.74, 1
62.54, 151.42, 1
67.38, 173.82, 1
66.05, 167.55, 1
59.50, 163.00, 1
59.12, 152.10, 1
61.62, 191.00, 1
64.94, 100.47, 1
59.52, 151.80, 1
64.97, 130.62, 1
63.60, 173.28, 1
62.48, 134.70, 1
63.37, 150.81, 1
66.66, 115.60, 1
64.47, 152.31, 1
61.39, 146.50, 1
64.19, 103.53, 1
58.24, 177.02, 1
65.91, 142.81, 1
59.70, 142.08, 1
62.03, 156.56, 1
60.64, 154.72, 1
64.65, 130.27, 1
61.70, 132.99, 1
62.62, 173.97, 1
61.85, 96.39, 1
64.08, 132.30, 1
59.82, 119.84, 1
66.24, 143.96, 1
57.63, 105.77, 1
59.73, 112.50, 1
63.29, 112.61, 1
64.26, 123.05, 1
66.67, 191.21, 1
63.19, 160.80, 1
61.74, 104.59, 1
63.82, 147.98, 1
61.14, 147.43, 1
64.75, 199.47, 1
65.52, 105.32, 1
67.05, 118.05, 1
62.84, 212.75, 1
62.82, 132.95, 1
61.40, 142.04, 1
59.91, 126.99, 1
67.91, 176.42, 1
59.65, 209.31, 1
64.86, 131.20, 1
64.43, 143.61, 1
64.44, 166.56, 1
63.40, 129.74, 1
65.25, 160.72, 1
65.26, 166.65, 1
64.58, 169.12, 1
68.67, 60.87, 1
60.97, 108.82, 1
67.34, 140.67, 1
60.92, 186.88, 1
61.66, 175.33, 1
63.96, 109.37, 1
61.80, 143.47, 1
70.11, 234.08, 1
60.56, 135.18, 1
59.39, 181.74, 1
63.15, 149.63, 1
67.16, 118.60, 1
63.62, 157.95, 1
61.52, 148.84, 1
64.47, 104.94, 1
64.67, 150.68, 1
62.74, 169.28, 1
62.87, 159.14, 1
64.52, 50.51, 1
63.65, 167.04, 1
61.26, 145.72, 1
64.78, 129.94, 1
68.11, 84.35, 1
57.40, 114.94, 1
59.95, 193.51, 1
64.68, 126.67, 1
64.76, 186.86, 1
64.17, 185.04, 1
60.02, 121.20, 1
63.36, 104.24, 1
57.69, 187.16, 1
65.33, 151.63, 1
66.56, 165.68, 1
59.24, 96.64, 1
70.26, 178.33, 1
63.39, 176.84, 1
67.52, 151.79, 1
60.86, 109.08, 1
63.50, 143.64, 1
62.43, 151.21, 1
55.95, 157.67, 1
65.17, 101.83, 1
62.72, 143.69, 1
61.88, 99.46, 1
66.17, 126.12, 1
62.56, 182.34, 1
64.25, 157.25, 1
67.33, 183.39, 1
61.95, 131.32, 1
59.40, 117.55, 1
65.33, 142.12, 1
61.05, 134.52, 1
63.10, 145.53, 1
60.37, 163.57, 1
64.08, 136.73, 1
58.58, 136.78, 1
63.35, 151.32, 1
67.13, 132.19, 1
63.58, 182.58, 1
68.29, 153.18, 1
66.10, 91.11, 1
62.14, 160.93, 1
62.58, 170.10, 1
66.23, 226.54, 1
62.86, 158.45, 1
60.03, 102.41, 1
61.32, 195.67, 1
61.22, 172.08, 1
62.06, 127.06, 1
63.46, 217.30, 1
66.96, 141.60, 1
63.72, 86.48, 1
63.18, 136.99, 1
62.06, 117.47, 1
59.70, 75.68, 1
63.94, 111.54, 1
64.76, 161.53, 1
56.82, 124.18, 1
64.22, 152.19, 1
61.85, 167.55, 1
63.06, 108.63, 1
64.44, 175.81, 1
58.86, 145.26, 1
64.25, 184.46, 1
65.54, 153.18, 1
64.68, 164.67, 1
62.93, 136.41, 1
67.13, 106.41, 1
61.44, 146.68, 1
67.33, 142.57, 1
60.76, 168.79, 1
64.55, 152.45, 1
62.25, 92.85, 1
67.13, 106.89, 1
61.52, 178.82, 1
62.18, 223.81, 1
63.77, 143.62, 1
63.81, 141.07, 1
63.34, 115.41, 1
63.01, 149.57, 1
65.83, 124.78, 1
59.91, 83.91, 1
65.51, 128.23, 1
64.47, 118.71, 1
60.07, 97.29, 1
63.93, 176.78, 1
62.71, 137.67, 1
61.97, 192.60, 1
66.48, 171.94, 1
61.32, 176.25, 1
65.28, 155.70, 1
65.65, 129.11, 1
67.55, 122.35, 1
62.35, 89.62, 1
61.11, 139.54, 1
65.46, 142.30, 1
64.77, 176.43, 1
61.48, 165.64, 1
60.76, 126.01, 1
61.57, 148.35, 1
66.21, 139.21, 1
64.31, 111.05, 1
62.22, 149.20, 1
61.58, 145.03, 1
67.98, 164.27, 1
63.68, 122.75, 1
64.20, 138.01, 1
65.13, 100.86, 1
63.99, 103.84, 1
64.58, 108.14, 1
65.22, 136.12, 1
62.59, 169.92, 1
62.38, 133.26, 1
62.22, 216.37, 1
65.46, 185.20, 1
65.21, 145.09, 1
63.84, 152.16, 1
59.47, 145.81, 1
65.41, 161.09, 1
63.27, 182.20, 1
63.47, 145.13, 1
60.59, 136.15, 1
60.44, 155.56, 1
59.38, 129.34, 1
65.64, 153.37, 1
63.41, 169.52, 1
58.77, 189.26, 1
65.15, 160.24, 1
66.49, 153.04, 1
60.37, 189.74, 1
66.32, 105.89, 1
62.05, 172.96, 1
63.81, 156.30, 1
69.29, 170.40, 1
63.23, 171.68, 1
64.66, 178.84, 1
61.06, 116.25, 1
61.75, 121.03, 1
65.27, 153.69, 1
61.33, 177.53, 1
60.52, 167.78, 1
63.08, 118.26, 1
60.35, 147.31, 1
64.02, 142.52, 1
60.24, 132.89, 1
64.99, 145.94, 1
64.69, 188.13, 1
67.26, 180.90, 1
67.60, 94.22, 1
66.68, 143.59, 1
68.65, 128.81, 1
61.13, 205.09, 1
65.91, 81.41, 1
65.34, 178.80, 1
63.67, 113.91, 1
66.13, 152.15, 1
62.15, 146.81, 1
64.27, 120.56, 1
65.08, 189.52, 1
64.34, 69.68, 1
65.87, 114.90, 1
62.05, 194.80, 1
66.51, 113.48, 1
67.29, 117.96, 1
65.10, 87.58, 1
62.88, 120.30, 1
61.75, 146.55, 1
63.44, 164.75, 1
65.41, 187.37, 1
62.75, 128.63, 1
63.11, 143.61, 1
65.96, 192.82, 1
61.42, 115.94, 1
62.85, 114.99, 1
60.17, 159.16, 1
60.35, 158.52, 1
60.04, 148.42, 1
62.94, 137.81, 1
61.95, 132.07, 1
63.49, 116.12, 1
61.50, 148.34, 1
60.09, 155.62, 1
64.88, 137.96, 1
65.50, 166.22, 1
61.94, 129.92, 1
62.66, 145.43, 1
63.85, 157.52, 1
59.15, 134.13, 1
66.98, 197.88, 1
63.24, 174.93, 1
61.36, 171.29, 1
65.10, 165.03, 1
66.87, 162.12, 1
60.11, 99.21, 1
65.61, 135.60, 1
65.20, 132.34, 1
64.22, 158.92, 1
65.21, 136.72, 1
64.23, 213.27, 1
63.06, 213.91, 1
62.27, 126.59, 1
66.68, 114.34, 1
66.30, 113.76, 1
64.24, 156.12, 1
69.72, 57.41, 1
60.88, 123.60, 1
61.60, 181.56, 1
66.11, 151.45, 1
62.38, 98.13, 1
66.81, 146.00, 1
62.38, 127.22, 1
62.86, 180.45, 1
67.81, 115.81, 1
64.46, 166.47, 1
57.44, 167.68, 1
65.21, 164.32, 1
60.35, 167.02, 1
63.12, 112.51, 1
70.27, 140.52, 1
63.44, 139.84, 1
62.90, 162.46, 1
62.25, 172.43, 1
63.85, 134.96, 1
65.20, 167.46, 1
64.80, 152.67, 1
61.98, 155.36, 1
65.25, 58.84, 1
66.03, 194.90, 1
63.80, 130.78, 1
65.01, 174.05, 1
61.51, 141.61, 1
63.46, 199.51, 1
63.90, 147.18, 1
66.22, 135.30, 1
64.32, 97.55, 1
67.07, 166.46, 1
68.04, 138.93, 1
68.14, 210.27, 1
65.90, 157.08, 1
65.01, 133.43, 1
64.49, 199.50, 1
63.29, 169.74, 1
61.86, 183.29, 1
63.45, 100.57, 1
60.77, 142.75, 1
62.12, 160.90, 1
61.47, 187.32, 1
66.38, 184.01, 1
60.28, 192.69, 1
65.65, 111.59, 1
58.73, 172.49, 1
66.65, 114.78, 1
65.27, 99.72, 1
63.71, 177.95, 1
64.38, 192.67, 1
65.74, 106.93, 1
64.02, 108.78, 1
62.24, 86.05, 1
66.34, 133.15, 1
61.59, 114.21, 1
64.59, 173.69, 1
62.99, 137.67, 1
64.03, 122.50, 1
61.75, 84.65, 1
60.58, 130.57, 1
